wf_type	2
ndof_domain	10
K
      (4.99975,0)      (-4.99975,0)       (0.00025,0)      (-0.00025,0)             (0,0)             (0,0)             (0,0)             (0,0)             (0,0)             (0,0)
(-2.13628e+179,0)  (2.13628e+179,0) (-2.13628e+179,0)  (2.13628e+179,0)             (0,0)             (0,0)             (0,0)             (0,0)             (0,0)             (0,0)
(-2.13628e+179,0)  (2.13628e+179,0) (-2.13628e+179,0)  (2.13628e+179,0)        (0.0005,0)       (-0.0005,0)             (0,0)             (0,0)             (0,0)             (0,0)
     (-0.00025,0)       (0.00025,0) (-2.13628e+179,0)  (2.13628e+179,0) (-2.13628e+179,0)  (2.13628e+179,0)             (0,0)             (0,0)             (0,0)             (0,0)
            (0,0)             (0,0) (-2.13628e+179,0)  (2.13628e+179,0) (-2.13628e+179,0)  (2.13628e+179,0)       (0.00075,0)      (-0.00075,0)             (0,0)             (0,0)
            (0,0)             (0,0)       (-0.0005,0)        (0.0005,0) (-2.13628e+179,0)  (2.13628e+179,0) (-2.13628e+179,0)  (2.13628e+179,0)             (0,0)             (0,0)
            (0,0)             (0,0)             (0,0)             (0,0) (-2.13628e+179,0)  (2.13628e+179,0) (-2.13628e+179,0)  (2.13628e+179,0)         (0.001,0)        (-0.001,0)
            (0,0)             (0,0)             (0,0)             (0,0)      (-0.00075,0)       (0.00075,0) (-2.13628e+179,0)  (2.13628e+179,0) (-2.13628e+179,0)  (2.13628e+179,0)
            (0,0)             (0,0)             (0,0)             (0,0)             (0,0)             (0,0) (-2.13628e+179,0)  (2.13628e+179,0) (-2.13628e+179,0)  (2.13628e+179,0)
            (0,0)             (0,0)             (0,0)             (0,0)             (0,0)             (0,0)        (-0.001,0)         (0.001,0)        (-4.999,0)         (4.999,0)
K.sum
(4.999,0)
M
(0.0666667,0) (0.0333333,0)         (0,0)         (0,0)         (0,0)         (0,0)         (0,0)         (0,0)         (0,0)         (0,0)
(0.0333333,0) (0.0666667,0)         (0,0)         (0,0)         (0,0)         (0,0)         (0,0)         (0,0)         (0,0)         (0,0)
        (0,0)         (0,0) (0.0666667,0) (0.0333333,0)         (0,0)         (0,0)         (0,0)         (0,0)         (0,0)         (0,0)
        (0,0)         (0,0) (0.0333333,0) (0.0666667,0)         (0,0)         (0,0)         (0,0)         (0,0)         (0,0)         (0,0)
        (0,0)         (0,0)         (0,0)         (0,0) (0.0666667,0) (0.0333333,0)         (0,0)         (0,0)         (0,0)         (0,0)
        (0,0)         (0,0)         (0,0)         (0,0) (0.0333333,0) (0.0666667,0)         (0,0)         (0,0)         (0,0)         (0,0)
        (0,0)         (0,0)         (0,0)         (0,0)         (0,0)         (0,0) (0.0666667,0) (0.0333333,0)         (0,0)         (0,0)
        (0,0)         (0,0)         (0,0)         (0,0)         (0,0)         (0,0) (0.0333333,0) (0.0666667,0)         (0,0)         (0,0)
        (0,0)         (0,0)         (0,0)         (0,0)         (0,0)         (0,0)         (0,0)         (0,0) (0.0666667,0) (0.0333333,0)
        (0,0)         (0,0)         (0,0)         (0,0)         (0,0)         (0,0)         (0,0)         (0,0) (0.0333333,0) (0.0666667,0)
M.sum
(1,0)
b_hasNonZeroDampingMatrix
1
C
            (0,0) (-4.27256e+178,0) (-4.27256e+178,0)             (0,0)             (0,0)             (0,0)             (0,0)             (0,0)             (0,0)             (0,0)
            (0,0)  (4.27256e+178,0)  (4.27256e+178,0)             (0,0)             (0,0)             (0,0)             (0,0)             (0,0)             (0,0)             (0,0)
            (0,0)  (4.27256e+178,0)  (4.27256e+178,0) (-4.27256e+178,0) (-4.27256e+178,0)             (0,0)             (0,0)             (0,0)             (0,0)             (0,0)
            (0,0) (-4.27256e+178,0) (-4.27256e+178,0)  (4.27256e+178,0)  (4.27256e+178,0)             (0,0)             (0,0)             (0,0)             (0,0)             (0,0)
            (0,0)             (0,0)             (0,0)  (4.27256e+178,0)  (4.27256e+178,0) (-4.27256e+178,0) (-4.27256e+178,0)             (0,0)             (0,0)             (0,0)
            (0,0)             (0,0)             (0,0) (-4.27256e+178,0) (-4.27256e+178,0)  (4.27256e+178,0)  (4.27256e+178,0)             (0,0)             (0,0)             (0,0)
            (0,0)             (0,0)             (0,0)             (0,0)             (0,0)  (4.27256e+178,0)  (4.27256e+178,0) (-4.27256e+178,0) (-4.27256e+178,0)             (0,0)
            (0,0)             (0,0)             (0,0)             (0,0)             (0,0) (-4.27256e+178,0) (-4.27256e+178,0)  (4.27256e+178,0)  (4.27256e+178,0)             (0,0)
            (0,0)             (0,0)             (0,0)             (0,0)             (0,0)             (0,0)             (0,0)  (4.27256e+178,0)  (4.27256e+178,0)             (0,0)
            (0,0)             (0,0)             (0,0)             (0,0)             (0,0)             (0,0)             (0,0) (-4.27256e+178,0) (-4.27256e+178,0)             (0,0)
C.sum
(0,0)
