wf_type	0
ndof_domain	6
K
 (5,0) (-5,0)  (0,0)  (0,0)  (0,0)  (0,0)
(-5,0) (10,0) (-5,0)  (0,0)  (0,0)  (0,0)
 (0,0) (-5,0) (10,0) (-5,0)  (0,0)  (0,0)
 (0,0)  (0,0) (-5,0) (10,0) (-5,0)  (0,0)
 (0,0)  (0,0)  (0,0) (-5,0) (10,0) (-5,0)
 (0,0)  (0,0)  (0,0)  (0,0) (-5,0)  (5,0)
K.sum
(0,0)
M
(0.0666667,0) (0.0333333,0)         (0,0)         (0,0)         (0,0)         (0,0)
(0.0333333,0)  (0.133333,0) (0.0333333,0)         (0,0)         (0,0)         (0,0)
        (0,0) (0.0333333,0)  (0.133333,0) (0.0333333,0)         (0,0)         (0,0)
        (0,0)         (0,0) (0.0333333,0)  (0.133333,0) (0.0333333,0)         (0,0)
        (0,0)         (0,0)         (0,0) (0.0333333,0)  (0.133333,0) (0.0333333,0)
        (0,0)         (0,0)         (0,0)         (0,0) (0.0333333,0) (0.0666667,0)
M.sum
(1,0)
b_hasNonZeroDampingMatrix
0
C

C.sum
(0,0)
