1025
2.458077932075894
2.1478483833601407
1.1180232454888799
-0.3411276710862285
-1.756441810397839
-2.5830535942425663
-2.644936915932361
-2.3238979523937853
-2.0658738141792425
-1.8935651572105197
-1.5636195776587785
-1.0564871024671236
-0.7425642425767331
-0.9626621420075164
-1.4880291955180736
-1.695029513484639
-1.3061654381096164
-0.6222325270870767
-0.08586774594667343
0.010594967791251476
-0.42712580343850254
-1.1752156604145299
-1.8256265849231061
-2.127937898169118
-1.9837148843832508
-1.343076504009701
-0.3553038978561388
0.5910238978743774
1.099652693765103
1.0510167272139708
0.7410956852428918
0.6024259582384659
0.680290614162099
0.6754416439029617
0.47955636261903317
0.18694882527628176
-0.23043916209886947
-0.7061785428470058
-0.8762683797074722
-0.5387059819489016
0.02914614655407247
0.4336082392549817
0.5924171962925435
0.6958257715111481
0.8466359081488992
0.9011356246458472
0.7737844053262779
0.678289038702765
0.808074984653123
0.9683435941280208
0.8024569825083927
0.21641893009068733
-0.6284500751292755
-1.5193273039278314
-2.1914422051898907
-2.378517827473004
-2.0842916884325358
-1.6462073483911228
-1.4472198089075419
-1.638444572823142
-2.0747492476496117
-2.4026195781323967
-2.2938094381966696
-1.778071111798284
-1.2372070553769543
-0.8994084874951842
-0.5630976850430475
-0.02362823490023246
0.4424837656568987
0.3796148691560963
-0.2218633117468974
-1.028023482773523
-1.7621584004133821
-2.1649585247194394
-1.9516105743894698
-1.0728464023564708
0.10542607313265806
1.0258725369851835
1.3522616123286226
1.052378806080116
0.25984762735030986
-0.6527152320077275
-1.1448955911944583
-1.0033024651555007
-0.524611103269147
-0.07738195351067667
0.22849328335366859
0.45930908983627816
0.6790659810435118
0.847184381501602
0.8522398341955749
0.6982807251435088
0.5655735145191555
0.5078104536464292
0.2882861464564774
-0.17803170986110856
-0.5798632455978961
-0.7621884838723155
-1.021611462478577
-1.5506713729321495
-2.0526489435054196
-2.0801389410240874
-1.4489132275193768
-0.3716909394779713
0.5696717442896687
0.8494972581861588
0.5502356785026108
0.22718265116020847
0.2536784083329022
0.5185399745501809
0.7184833511579518
0.6467588700504351
0.229095423959872
-0.3796283140104857
-0.7983204820469113
-0.7113220870540046
-0.11776261015815467
0.6520272617864844
1.0818210764636385
0.8024714268033183
-0.06030247432370354
-0.9745971944396181
-1.5212953108746827
-1.7054311817677923
-1.7039325246034007
-1.520373495480881
-1.0162035631086184
-0.16384667843514344
0.739398346404778
1.1941399042902048
1.0138151816373158
0.5098533627802887
0.05657305245185844
-0.25354639670007756
-0.5025799759313967
-0.7629839568358958
-1.0394977621401655
-1.1928069287921736
-1.020493459150102
-0.5634825397207075
-0.1124744857292006
0.17234866915302385
0.3975895714813604
0.6723391507444015
0.9841453892833313
1.3062625971482467
1.5350257095957025
1.4438026233325283
0.9926480313691397
0.4885263544961343
0.18519275612052982
-0.10235565600184036
-0.7062845626011415
-1.4893759087659786
-1.8803277629427066
-1.6043714893061665
-1.0114479702638166
-0.5362612721470575
-0.1909509710456119
0.28497215756841815
0.9946619824561768
1.6409808385575353
1.76007955395341
1.301323805146039
0.737635310317568
0.38010949846074193
0.012045120642022608
-0.49166367480702655
-0.8717784767440768
-1.1014069284768013
-1.4727112830924236
-1.96247387736732
-2.1579780092154186
-1.8170979280811113
-1.199814150244579
-0.7443310402641314
-0.5572247155889147
-0.4737835655189894
-0.4194603037481449
-0.39123640059578724
-0.3226793403091623
-0.14373221420054294
0.17301290483438753
0.5303273600367318
0.6486652506187672
0.34979270618097014
-0.09997470932137237
-0.21715274103457785
0.09401702726221482
0.4338179490204368
0.44970132894153675
0.21096590055193426
-0.024550118794024835
-0.13852637258683123
-0.15312265154640672
-0.1442828264369633
-0.23893082814493882
-0.4859645655457129
-0.7178003140373196
-0.7539492971906893
-0.666940923470306
-0.6408054202701232
-0.646777333561215
-0.4826085593184558
-0.09273930377120407
0.3444504782529008
0.5878717495493003
0.5172560392839615
0.19821160697222623
-0.19130003288419023
-0.45579243826554394
-0.5012544151728148
-0.44983444072328443
-0.5325072408977839
-0.7963382531152051
-1.026480723218959
-1.01274013980041
-0.7666448493347816
-0.44308577305927344
-0.1679966796497559
0.01830944224921684
0.14304242181190072
0.2874899543847396
0.45132307072414024
0.41028319845135397
0.003951204752931561
-0.45005171829691404
-0.3912814866271837
0.3460964385299026
1.3304866754526588
1.9189288950684216
1.8190950587739374
1.2769657755999857
0.7536725994304645
0.604926573891467
0.877149593487374
1.160730742030515
0.990055921000166
0.4188384426323852
-0.1677571224379406
-0.5775272450149652
-0.8462238925807773
-1.0250205322934591
-1.0542762834545323
-0.7018568152177513
0.21821096720916672
1.4140490841101903
2.141641713313724
1.9417800131022764
1.1923177333556856
0.6673625968141417
0.6861979502571606
0.9018697529216988
0.8557559348457812
0.5632756517189557
0.41209980473356567
0.5373450794396378
0.6260034348392572
0.3764098661516898
-0.15345778358359438
-0.5831514370750105
-0.4739089998862842
0.19748587770802323
0.9014888254564998
1.1059285579722509
0.7346637937300023
0.05628118832382575
-0.5177614090501561
-0.559516877804207
0.042664975691025585
0.7907061682361688
0.9483634856251226
0.3470317985428471
-0.49084232445410875
-1.0306305733275423
-1.1426569513067424
-0.9692836431439943
-0.6621112514363361
-0.23053731285542914
0.2754718892921641
0.5675078409877371
0.44377855792903004
0.1067893153526683
-0.2396140218190039
-0.7805500680993428
-1.606447428899966
-2.2457360791699195
-2.211917615260857
-1.6332633467586057
-0.9618591785922747
-0.4834510130566575
-0.3025798831642124
-0.4601453497593387
-0.8879170839885788
-1.308669990094543
-1.3423046810546408
-0.8025970288193204
0.12026219066032648
0.9566063379564096
1.2773584951304535
0.9839618320825353
0.32276409563320335
-0.3106990091636325
-0.6016632569709848
-0.5700475564157829
-0.6483576050453644
-1.117611289142883
-1.465041735899437
-0.9695794484414892
0.12857471047752927
0.8321354403445271
0.6936265031618273
0.1659775857421966
-0.21462718752879675
-0.28878572010119175
-0.11817489268365948
0.0704652508521501
0.013903617615665166
-0.22212040561469631
-0.2660640894546006
0.12983605518133048
0.8861540347004768
1.6549608781087601
1.9855788613331375
1.661986253778571
0.9556611549533373
0.4637684949571853
0.4886244048655581
0.6025718115926149
0.2878983436302756
-0.24308198927845642
-0.5458915809804281
-0.7225776050034218
-1.002386600779093
-1.1539510195857778
-0.8849559757876257
-0.35404957745869703
0.09055298282402066
0.27391059686456953
0.12348936616437371
-0.31022310035382455
-0.731474082611162
-0.9074155414158421
-0.9272796243481531
-0.8934611507206579
-0.7270476134416938
-0.4091271415481885
-0.07922475662441132
0.10431060373207979
0.03800603339442703
-0.26912850524819454
-0.661702946757059
-0.9798801677694848
-1.2086097054300957
-1.3677244971125564
-1.3161638048491848
-0.9287384556049401
-0.4469774813055219
-0.2508101170360451
-0.24877030831000746
-0.031630881059350704
0.3829678478238113
0.6353721615284387
0.694353463101275
0.791907391335479
0.9295969812385719
0.9271060663036881
0.7920914759053069
0.7450285140550876
0.9139017067039321
1.2155207449617733
1.5851749009373353
2.0304867946183647
2.396056701491978
2.419826926555417
2.048421388582389
1.4913199360497573
1.0486056623447348
0.9875460567881458
1.348314161717534
1.726552517349613
1.5916826109891216
0.9354872479212331
0.2649905555782582
-0.0032112976727117267
0.09314821368947497
0.14836845794574932
-0.21968730063861255
-0.896421565854879
-1.3404303767922456
-1.2865291291777043
-1.0379198467779012
-0.9545670487533753
-1.0397351733379452
-1.0952210985353612
-1.0204834783841477
-0.8747740247992766
-0.761399685731475
-0.7135429813163818
-0.7047786359821879
-0.7520503586890952
-0.8799306524727554
-0.9699392942629793
-0.8386621479981456
-0.5097989050100987
-0.23428635439096845
-0.21604659625159545
-0.4366155129617193
-0.6760188159322348
-0.6041328135153659
-0.06790062668219864
0.5952883641985539
0.8424840572331226
0.5727422072844663
0.1976265946571635
0.11828116525656579
0.3979854087596173
0.9089902728893461
1.4517308071467243
1.6962837057020146
1.3627663187651444
0.5844609300279624
-0.1080715056706182
-0.31053262343657523
-0.1211409622416364
0.10950480996890521
0.24119926359597313
0.3644444904035009
0.4249200259776012
0.25455116488770185
-0.008949270682253516
-0.12392133698541848
-0.19413999084462552
-0.4367981445096239
-0.822881921679839
-1.1021656035027707
-0.9550970982186582
-0.21993195231871726
0.8439574028018342
1.6355503818661101
1.729299614508351
1.2144250547998396
0.5091214570042862
-0.002343437581725806
-0.26118142868389027
-0.5345084901059716
-1.0423249314794873
-1.6695323699205054
-2.0311092653493903
-1.7937516269448561
-1.0689967844373016
-0.3278869507327149
0.20252214850886668
0.6386185754704103
0.930187055822377
0.8368164379325443
0.46468329873926406
0.2929431564989176
0.5112936193659864
0.8143024488083935
0.8998845421954262
0.7387514689485347
0.4285518934344771
0.06956877562157245
-0.19893537563675398
-0.16822569343791993
0.249162375159155
0.8800933558181264
1.5115973593033478
1.9895718593861516
2.0351084396229315
1.4309354534429155
0.4285030818693897
-0.46780073746245426
-1.0573265503335674
-1.4144776636588516
-1.5013445091883428
-1.2288917726723187
-0.7266285801672184
-0.21772980923090643
0.1466553088473571
0.2538763513333412
0.17433521825463752
0.22085103088159147
0.5671086785092483
0.9599723212717337
0.9578540171754754
0.39630633898263024
-0.3999522196677946
-0.9421810829284368
-1.1412992180476116
-1.295023173678205
-1.4474929362171582
-1.2081487052105837
-0.3917975157785982
0.6194787696113597
1.2700883236103366
1.2219367595997108
0.5456748145990509
-0.23378723199050563
-0.6408926503531098
-0.7606005720690584
-0.9233862049733818
-1.2145032967654323
-1.5004397439872472
-1.5986727780579386
-1.3965428227160213
-0.9669811837048008
-0.5378909997426956
-0.32901135450983215
-0.3495844886414194
-0.3301311277264724
-0.026990971008470102
0.4003467040412455
0.5150963916104854
0.1340826562903493
-0.39558911394659346
-0.5392334494328695
-0.13285738410763678
0.529400630987517
1.082830535468585
1.3883883467759637
1.5042130279432138
1.4663900851961926
1.1571301492676551
0.5430989442832181
-0.07750519913418712
-0.4073399684374613
-0.5619483487500104
-0.7464676805346204
-0.7564266204933717
-0.2027101471364237
0.9133124084462421
2.0547029326123663
2.5203878237924884
1.998626753064255
0.8568699153474557
-0.16007024689867588
-0.6046087706101019
-0.5903775827784618
-0.4166025065817633
-0.30034016750244685
-0.38498871901827975
-0.6261434027126156
-0.7610961361235986
-0.5363836773104618
0.04998564829788477
0.6565608481909956
0.8404236759283373
0.5431425220139467
0.16816015300265139
0.10796461494606048
0.36414923631513885
0.6289782533183104
0.6739496059065148
0.5229230147358445
0.24601136487973965
-0.09884292246616426
-0.4021978539887623
-0.6291822880788581
-0.7984220654144963
-0.7713073919802189
-0.3460498652448089
0.4329208249352762
1.2466031220050326
1.7156025105358472
1.6105331067099395
0.9735085761695189
0.09594258848141687
-0.6602257464604323
-1.0755995922289188
-1.1054087599743325
-0.8100368267936896
-0.38234567335925373
-0.06370030606258548
0.09839851188967033
0.2224883724051935
0.2979974235574508
0.13214248045261925
-0.3545993355007532
-0.8760726305959041
-0.940293173716104
-0.43827217595551415
0.09395389189257802
0.1146622455779138
-0.29201897016148937
-0.6935506112630242
-0.873415635571927
-0.9012382481606709
-0.9406912185758061
-1.0773799712660999
-1.1362476121851228
-0.847282998541265
-0.3442274740198968
-0.10032486765302451
-0.2693284864552101
-0.4970632273576113
-0.3970543796584254
0.07411250944627151
0.6836578527294233
1.187243757434509
1.5131650189728334
1.6664051152035277
1.557166014592977
1.1743491425006094
0.7732531543096505
0.559898072358877
0.35351961091548206
-0.05436684142368662
-0.3952017829694499
-0.27611835718088334
0.16626035457100818
0.45700937569009314
0.37403336327879927
0.0085730316340494
-0.4520340121124586
-0.8492649082181744
-1.1516499048862991
-1.3926229985816225
-1.489889384316484
-1.2081707598471925
-0.4266714059142392
0.5014006456188772
0.9831348031177304
0.8407016043208275
0.38505395706074325
-0.04608321738228368
-0.33162158675860165
-0.44607506761486426
-0.3001725019181009
0.13606651376313314
0.5865357244900155
0.6236577234378475
0.18654085323460304
-0.25239487697678814
-0.2608100409493189
-0.047061167419329204
-0.11533268670506602
-0.5003568295227209
-0.8408892337105076
-0.9722001977036345
-0.9467766996464438
-0.7544209234581424
-0.4866636174474299
-0.43774614542952867
-0.6550744646340607
-0.777488018433744
-0.5700051044452572
-0.27847613982284386
-0.2839745738951563
-0.6165180467308183
-0.989648658640263
-1.2317011600067498
-1.4606728201579091
-1.798042975062616
-2.087689554047989
-2.00804486453769
-1.4291488800284273
-0.5999326134287589
0.013446656052349638
0.12395216476770013
-0.13014205649722996
-0.4505155319222557
-0.6917026754586232
-0.7683560451855027
-0.6594856953301068
-0.5846372631423713
-0.8152228339624433
-1.2723077467428128
-1.544098765108549
-1.3628159286569774
-0.8730070951839132
-0.4279965573942753
-0.346683840034811
-0.7515665717857463
-1.3445639473324165
-1.527089346153028
-1.1000548755653392
-0.6721510730011082
-0.9837056512921812
-1.9337549401667435
-2.6587400890385426
-2.5259871431621113
-1.7323920536291084
-0.8925681387850758
-0.2706438149602356
0.3056580335597443
0.8358659242195763
0.9865254220270134
0.6921499557489024
0.37370062434552465
0.28424333776999205
0.1377558021121722
-0.2597117152847253
-0.5562986395690962
-0.4401229485159131
-0.13754850072749553
0.04802880303001703
0.1574475270666713
0.2567336307602788
0.2294784890286807
0.08689090196734679
0.08139411751575969
0.38947825682221976
0.9044520316477546
1.3417754901932006
1.422370111840423
1.0325791786091099
0.33871010121143375
-0.3143274736325796
-0.7211121675146239
-0.9074322909490986
-0.8940267105467768
-0.6232249288142572
-0.182198672331836
0.12037253235149883
0.07063520601813823
-0.15941245167062332
-0.21119100553417272
0.0263262635708712
0.3826139398826501
0.7096503917729761
0.9408354109405458
1.0034204368942556
0.8918348223038688
0.6820172057260008
0.4662485915015144
0.26756855371308813
-0.09542018369710054
-0.7381929240977482
-1.265804479628663
-1.1787773435858957
-0.6391461709533394
-0.25927041323024286
-0.26049226740046366
-0.29403361730360994
-0.023387027104612382
0.5289852290516274
1.2042395443220084
1.8069366857176783
2.0089251720810575
1.6262637931299218
0.9472221587067345
0.4713503277566586
0.3911429687286954
0.4563011053395553
0.22048147569945523
-0.5307903565471951
-1.4152434756252321
-1.6766501593734267
-0.9178391884525403
0.39082652434933113
1.2474214516641893
1.1861506543069935
0.7030635436816338
0.4211585962759654
0.3879812811807399
0.2630488655320999
-0.23219963348844785
-1.0463986092616115
-1.851010895195996
-2.2397657686718806
-1.8773404606614663
-0.8310178268505864
0.26434508390435413
0.8045047730611202
0.7508060136367651
0.2899375240353187
-0.46713127806962457
-1.2270213230266982
-1.5787795947412786
-1.4807510043937848
-1.2734731047128645
-1.1331431473268583
-0.8115838269147797
-0.13143503623419928
0.545330849942897
0.7893473331723634
0.7265331599434564
0.6845984395981483
0.6108926633413485
0.3295240739382047
0.006890064899491916
-0.07717220614094714
0.057271767068218515
0.16828789126905871
0.019157187640144315
-0.5487954724858858
-1.4513059326267257
-2.1888460560718186
-2.125405253038768
-1.118541435904887
0.31254109723700746
1.5413242619859977
2.242117032705277
2.28981778870018
1.8337633738410948
1.4560324630585635
1.6451558488365248
2.159908687339861
2.3708172853588927
2.043728729359
1.358019465927732
0.43760854180268116
-0.5844543923472958
-1.3235842547076118
-1.4764437177067296
-1.2155841783252723
-0.90632610353385
-0.5914281628975451
-0.14967059599484
0.3140311327193664
0.6626839916684272
0.8453643270094713
0.6610488659531778
0.028625324627667106
-0.622279385865429
-0.7844286676464716
-0.4579122133722105
0.03937997832003397
0.5016756321214938
0.8805273731429591
1.1828397531405153
1.3677366139397518
1.2769079203245637
0.7422600089966309
-0.13472190310206797
-0.8148334969029576
-0.7149932733169889
0.13431008530031374
1.0612319646586723
1.3743510923252973
0.9369813771590121
0.23624850751638418
-0.1066879100493692
0.16902051923187295
0.9255037694003596
1.7770539300952526
2.3127941593548083
2.4021118309224123
2.219550610081891
1.9682873035850348
1.687003845056503
1.2630689093783292
0.5787194390464128
-0.2636566823525344
-0.8339694673046961
-0.6960793101338552
0.0645874652531641
0.8558254370951772
1.210492936539871
1.1431770477210041
0.8747817525842556
0.5214493186875513
0.13590889994556501
-0.1280700478928219
-0.17389600657841314
-0.17817687045846653
-0.3084904471455171
-0.4951301712843596
-0.622641891999201
-0.6220781739911243
-0.5109159158260611
-0.38757858477243956
-0.2177097169466285
0.13347889049937342
0.7472788492069111
1.6186064927877246
2.451925901141539
2.731435859399204
2.178772895643784
0.9715382906431576
-0.28187687674000994
-0.8557632857423982
-0.5333111864896986
0.20465364480913328
0.767486858773204
0.9177209664837295
0.5710583172125268
-0.22399672031625986
-0.9431841871351679
-0.9574011853081812
-0.38502992001235925
0.10621808320131687
0.2983438978606799
0.5214436735124212
0.8987984359751333
1.1414477573310484
1.0237072078773322
0.6420157310210745
0.24224537988637673
0.019372788220666546
0.012968087973932932
0.07257852628061592
0.0399538814785815
-0.0428739235484951
-0.04289241618828363
0.09911052617754305
0.36324363321007064
0.5987588740314571
0.5784106365295033
0.26603929440602037
-0.0817574030657651
-0.14849006064960518
0.06954871294149162
0.18945515386872772
-0.0920679487408392
-0.5471354001420786
-0.6627810338074148
-0.2824450875213386
0.3352715679462533
1.0029928267246897
1.6431013658965812
2.0093715334292317
1.8729382292237937
1.2388620723753048
0.24357647414412573
-0.7686626387561484
-1.2958628395823535
-1.2090015386787185
-0.9399582890094312
-0.9045686110684812
-1.066810167950337
-1.2256627673870568
-1.3465378169759747
-1.4034869263946639
-1.2707840880125882
-1.012888169217619
-0.8803213606776835
-0.8405229002813339
-0.5888478690663683
-0.08528379732281671
0.4207285237419424
0.8048788756996327
1.054379273618262
1.0641334089877705
0.835350344405798
0.6138220067077947
0.5945965033146553
0.7385491514357695
0.9188817433790093
1.039144678470986
1.011424956896693
0.8081384591204578
0.5502022092110963
0.348647571296332
0.14326062772753428
-0.13676724619789046
-0.43049742244138434
-0.6605770493040202
-0.776593748926356
-0.687627975165522
-0.3704494709385483
0.02367556025242074
0.2415926323003175
0.06871646631503234
-0.4976818401492901
-1.2110340823167294
-1.7671842876462076
-1.9787559583098138
-1.801798973667549
-1.3167114436164504
-0.7057753271630139
-0.20389907203387025
0.0015171281423625213
-0.07922300224514343
-0.15479455154842967
0.06680071496351178
0.3543348086364299
0.10805972318314287
-0.7111854088501096
-1.3544515380749342
-1.2820742065740154
-0.8061503811519293
-0.483042138417286
-0.42798899402185747
-0.37906266927948645
-0.07698085126587216
0.3923270169097766
0.6442343258396103
0.541530362738665
0.3829174763420339
0.38936027355770636
0.42244788775688136
0.35284866443767826
0.2973595005540555
0.35033500768481773
0.4008718507079194
0.31955635996517173
0.14531935497337528
-0.048295636056500196
-0.3260851302848517
-0.7396157501236333
-1.2174306356753484
-1.6612682175759907
-1.8440241203867413
-1.4095998221671762
-0.3779852870039669
0.6717645612193611
1.2688600936296959
1.522746457132743
1.693548113272341
1.7215844992539922
1.448277127498318
0.9920741998809904
0.6550884013263708
0.6412881242640938
0.9415601211346991
1.277125549244848
1.2912115249734666
0.9850858747385977
0.6484172552340215
0.37799784218627447
0.11511614621291598
-0.07319681663421046
-0.1679632030696807
-0.3150435628538307
-0.5530058348563353
-0.7442480000370849
-0.761335416634612
-0.55635628751653
-0.22271215731826824
0.007212434055890053
-0.00684787214082095
-0.19875973432982932
