1025
-0.3828415332142521
0.0848299663113964
0.7940914838524151
1.261675535709719
1.0966321274555508
0.34555246025065045
-0.6994443961031648
-1.6343967899084886
-2.0399594980114317
-1.8612844018020278
-1.5157695689110051
-1.4009804934497374
-1.4602281201654346
-1.3768004614890565
-1.0499065413202844
-0.6439819290213399
-0.2446268921752333
0.2128000147402866
0.7073773158031866
1.0995825512432482
1.2225631014509437
0.9457508713623861
0.38045158177605704
-0.0959811473567905
-0.24891407767638912
-0.20448215649171475
-0.145498037541328
-0.07808676416736784
0.01937416755689463
0.07505099949956348
0.06722966189298069
0.0929711399674942
0.19549374337876477
0.22429043022912773
-0.03325600770939089
-0.5185025466066314
-0.8947681611288708
-0.976047101748784
-0.8823640322451343
-0.7751556129529441
-0.7388916572904711
-0.8864415326114088
-1.2460015174627186
-1.5213260478969755
-1.3516047279021186
-0.7834291582812888
-0.2101468712679421
0.03412829526835382
-0.05704058452646089
-0.260125860622936
-0.3463591952050724
-0.11112670221450145
0.4450294605971149
0.9351148383813312
0.9253069203897392
0.4150674536920541
-0.09091983942281132
-0.1207307355309095
0.21476712873526574
0.5278710753746263
0.6962823591589421
0.7468369552930043
0.6263860977292919
0.37428110814675547
0.19122923947472262
0.2193885789605868
0.4277979920766059
0.691835042797098
0.9076295298267406
0.9996159947420196
0.8954568621516394
0.6419556332470405
0.43164918896783583
0.38050469933946623
0.41842079457433834
0.466729697994922
0.5890795800249062
0.8054710766481901
0.8414172699487557
0.43560512153583797
-0.16848352509929493
-0.4860387904849004
-0.38541768216303707
-0.09912486287807909
0.07058426982764031
-0.11130320863174956
-0.6451065477857625
-1.169402685529559
-1.195964892433934
-0.5390335297179236
0.5227070329013039
1.5415087504448115
2.229835905395816
2.3729759680357914
1.7262318519653002
0.40000698170927007
-0.8895382225814196
-1.4306532719408727
-1.2010118022959326
-0.691821210875582
-0.36931538665332864
-0.4728937064996692
-1.0315917861970525
-1.7579261103270512
-2.1115467847168157
-1.8490478497714158
-1.2709845984513595
-0.7453315292468609
-0.393574617548803
-0.18985034516688282
-0.024536207019635537
0.1562527309158983
0.24311199399689323
0.17598233946014483
-0.026022788329816148
-0.4435092795648748
-1.0087654738004088
-1.3689000379265555
-1.3304115461648676
-1.0565371900217932
-0.7862837064103444
-0.6381324461163501
-0.620442362701906
-0.6836265615789053
-0.7001351180967542
-0.48849775597649564
-0.06855241724970854
0.21777956031607631
0.0783085415482942
-0.461747602249451
-1.2855869279849808
-2.1547344228586263
-2.5112938435539545
-2.020191507449276
-1.1070360210103258
-0.5034424823298775
-0.5026138365297009
-0.8202453126457357
-1.0575172376789603
-1.1157799991704735
-1.1155982952422563
-1.1580571603997374
-1.2881022878830326
-1.5498037126051303
-1.9195777022611402
-2.2610789550335912
-2.50756072503403
-2.713516494583301
-2.7876677949451216
-2.440187351703677
-1.5753786051289074
-0.4981333962746492
0.4286396116820453
1.0785637699230055
1.4763592276373907
1.634788244808652
1.4814185836308824
0.9345187080008142
0.1172027773074871
-0.6164714060340306
-1.03843803302097
-1.2967078533045777
-1.6181746596678905
-1.90982397926516
-1.952908618288575
-1.8322257990812956
-1.7942979699606736
-1.8186106024567832
-1.5699634490104004
-0.7966342148403993
0.2610195684462348
1.0355816394425899
1.203335242922466
0.8920994381219599
0.4464801000175527
0.11439269557188864
-0.15315256709333894
-0.4657905823793513
-0.6452043877190372
-0.5027069890694793
-0.13811686665530493
0.36012964005628106
1.0129093159948312
1.5707120688922298
1.5467025419037808
0.8560774584048364
0.017112194744957263
-0.4731636807479406
-0.5397054758293253
-0.27290585079606766
0.24233891955922648
0.79993829677606
1.1132203955274134
1.1223611467277395
1.1388239043076125
1.4907057046269097
2.0449776057357343
2.2928972771989216
1.9213182744780786
1.120116606189299
0.30028392373766677
-0.3027596708455286
-0.6819598427792598
-0.8364656283730587
-0.6086499827890343
0.11366532313866931
1.0948867450450452
1.8206494544141973
1.8002464016367776
0.8670507764339628
-0.563517358346911
-1.6283230299158535
-1.699576580274852
-0.9063449886988578
0.08412672475920716
0.5782963398882595
0.20685088185846445
-0.8104131036155413
-1.742820720858466
-2.0311621504905646
-1.8525393618088386
-1.7772733776464156
-2.0116430300079435
-2.2049281079572185
-1.945530463768976
-1.314819627905807
-0.7497398120758899
-0.42985979967966487
-0.1597862759602125
0.24547856569315085
0.7409957859981099
1.1534646133532898
1.373175652362459
1.4453413646562014
1.5006761630709742
1.577948456766493
1.5449803772254913
1.2479758829216894
0.7113455956210485
0.20915356509849806
0.05418811496579963
0.16106765355776528
0.11576855789420082
-0.23101025929500602
-0.6625954196933165
-0.9869571715456678
-1.1959343051043625
-1.3094276475721514
-1.2504228137809497
-0.9685472328307695
-0.4948953512991927
0.19049094415200726
0.9576906778346667
1.3145532328943133
0.9268565801774192
0.07313445719693162
-0.7678420944593062
-1.3433300887085808
-1.586861750383344
-1.5722576881005907
-1.4249198725547931
-1.1217368721131908
-0.5828156734197675
0.0078033108008372315
0.22686660103637793
-0.14080074020413555
-0.813656259931515
-1.270974235566725
-1.2645073157711741
-0.9908861171907568
-0.700997356762599
-0.3620316025896527
0.06095124913324001
0.3027964440231494
0.10933617592836252
-0.3374039678418777
-0.5653447400095525
-0.37648194765433524
-0.12345376962322037
-0.33509057988597424
-1.1420060536061887
-2.1716723990537066
-2.9114397635351614
-3.058219897626248
-2.6661613092910783
-2.0997661099089444
-1.7441206832218545
-1.7055175983514048
-1.748712908953268
-1.4909397972778218
-0.7669806131789669
0.15682800241421033
0.7875831769772983
0.8462512203363437
0.43928824030644464
-0.13789367318416046
-0.6015016791534823
-0.8588300082275252
-1.0797012550759215
-1.3760698190145102
-1.537617508407237
-1.296975982813959
-0.7427577438866165
-0.3064135008382838
-0.26196628152764717
-0.3643602034813458
-0.15584745873873834
0.47976843661292057
1.2281322041637723
1.6923795604522336
1.6239339219273614
0.9903225869562364
0.12042204055590637
-0.3852994177621355
-0.17246957355409642
0.5026845293516765
1.070144791086344
1.2335136388387333
1.12331441779646
0.9943508325363288
1.022954682365386
1.2339530909843484
1.3891465610972487
1.2251529348406547
0.8520060001953257
0.5302482683328665
0.23873542491107289
-0.13678522024498335
-0.4745443192429384
-0.5642304281266529
-0.44910294706103204
-0.4342853539870512
-0.6339504066981614
-0.7579414837307343
-0.5625635666852337
-0.2389110176564196
-0.14660563647618186
-0.3633522709434696
-0.758802463562409
-1.2163402107008436
-1.5089307222298844
-1.3893038142682836
-0.9079428628283721
-0.3341437524476376
0.06847276845610659
0.15235876937089207
0.05945753597671389
0.11659967424916307
0.43448905339689653
0.8038641570614796
0.9309996202190103
0.7215422007297069
0.4060897480144692
0.2303580789772977
0.07216236428145585
-0.2241494790667659
-0.4076607445416665
-0.2875231471657912
-0.17261716943329788
-0.3610470102478388
-0.6545200129847352
-0.6839494555403371
-0.386582985641531
-0.0025665922805571503
0.15059559464252056
-0.1437328300783279
-0.8566244155287047
-1.6986370756854474
-2.234138229897545
-2.115770167826959
-1.3864429883179927
-0.48015696526998425
0.17697751588748867
0.48527063482939103
0.5199516661254815
0.2501647836162145
-0.2727953469508988
-0.5853205061478166
-0.22867360900346906
0.5645214638936771
1.1451968738349625
1.2146810017422902
0.8800739180035775
0.29434638856554507
-0.3291729711024849
-0.6274053479861116
-0.4337333565634953
-0.09831516836273671
-0.12034206839845056
-0.4956206554511242
-0.7191899201635031
-0.47978225109951667
-0.044213183650413275
0.16848080075962701
0.04664386180884898
-0.3148923587515456
-0.8943724603912436
-1.6265932325157884
-2.070915719003765
-1.7309945347392444
-0.8126674449497207
-0.07887074367038509
0.1136490476822426
0.06390077444756194
0.03588289789159282
-0.06804150533252167
-0.29225097040200104
-0.4327815257089984
-0.37016829434361337
-0.24084481836861907
-0.19653098364435842
-0.198922136516107
-0.07956005969643616
0.2668512077276973
0.690713388804182
0.8649539217425427
0.6731576225596255
0.33059540122216113
0.001314553974906191
-0.3871596208451942
-0.8253917482290639
-1.1130302206658755
-1.151856363766018
-1.0036927588531288
-0.7364248257358026
-0.45840263007912585
-0.2408631658204477
0.04456296871764316
0.40426825506255853
0.46722394484696306
0.024386706712716106
-0.534389335644151
-0.6716190112935612
-0.28900125579252944
0.290655842018472
0.6891744465124264
0.7515300968452864
0.6288840041757163
0.614864784506444
0.8024634518036691
0.8648671465190627
0.40014092260803497
-0.38672370065643263
-0.7918701260152359
-0.5342339382543783
-0.03863149370668081
0.24300314368549195
0.37317077132575743
0.7385663026012323
1.442379773035426
2.009106931300599
1.8941543354427706
1.1639975004081209
0.34165980324146217
-0.16956565241468394
-0.26110001310097863
-0.09657006946727126
0.035866226184948335
0.06797204816700878
0.15181052768550457
0.27195918515240725
0.21479467714162895
-0.07313158340876341
-0.42254233080481224
-0.622280547438806
-0.5176339863854313
-0.1409503206039713
0.28403229390944884
0.5824127881197447
0.7379730868082418
0.7193690328800864
0.4334614907921897
-0.042579265200901856
-0.3859716523784949
-0.2976700791125024
0.1989512368745543
0.7957452868526245
1.1888175562582277
1.2474542373763502
0.9855363522209682
0.5186226057476582
0.07000175671330686
-0.17178970070444133
-0.2385351975862798
-0.32617633812213737
-0.5955719505012382
-1.0097110361922097
-1.3417562540093613
-1.3340330090791517
-0.883441537918584
-0.1857403299567831
0.36555288433807054
0.4902376428896924
0.21350725336912138
-0.199234692838571
-0.46554977114832874
-0.44317666078865925
-0.19935414050626565
-0.010491488114763251
-0.13416116900362354
-0.4981175965657164
-0.6824026494206671
-0.3039728615140918
0.5148446147514628
1.181076906834259
1.3008161512556151
1.1093325265946685
0.952627685122887
0.7111611256537537
0.13371679693025548
-0.6333753593473533
-1.0785658460822636
-0.719161791570847
0.38353046379485684
1.5580426579128923
2.220382669529777
2.344867771976892
2.1482252905087633
1.7265665641508912
1.0722367408120845
0.27628052253258956
-0.3891026061920427
-0.705686250947616
-0.7596369537089152
-0.8260430977894399
-1.0395105612021183
-1.3183349139545393
-1.5421235850455437
-1.55939349655132
-1.2218756255411503
-0.5974250690741788
0.08890466030583548
0.6133876803899956
0.7953049617654715
0.6272145002233043
0.19377127354246879
-0.4336420484041654
-0.9385518006623675
-0.9605781986965732
-0.705029436103686
-0.7052321531206438
-1.1114887484599996
-1.6164027872211515
-1.875197092107064
-1.7957368617293041
-1.4506468892510078
-0.896237274560977
-0.16851011885506242
0.6678556843501422
1.4550790081866836
1.9240574654577347
1.8566205053634226
1.2827318655730902
0.5326324765385392
0.0337939352069462
-0.0464511891160382
0.12963225698628045
0.34346985691918597
0.4767874340667865
0.4259207856434992
0.11391534309315197
-0.3510398013183559
-0.6929796427442676
-0.6635543923401611
-0.22334793011915086
0.3659554962530756
0.7134360155372339
0.6574567099402985
0.3012011751030978
-0.2475551213434776
-0.9008316388961718
-1.471956345495334
-1.7339622507610406
-1.5775841029714988
-1.1062455072071538
-0.5740982584158218
-0.2336102147812942
-0.18194009120180588
-0.25436111004951395
-0.1080102552244183
0.4951901131453228
1.4111119140926598
2.1562282883609387
2.3238783263024225
1.8631401800012757
0.9811770034210501
0.03615682005455985
-0.5561874282759994
-0.6006800401433061
-0.3449910403873651
-0.27836872347537206
-0.6160086694735603
-1.130902604792903
-1.5154722283977087
-1.6521944842027152
-1.5633777194679064
-1.2851099825555004
-0.7995884707567213
-0.18320733717496004
0.2304315678178536
0.115107669876202
-0.43219786329275356
-1.0097485268747932
-1.370656286157775
-1.5001695142220477
-1.4197488884533715
-1.2010305834004362
-1.0233568266500361
-0.9593542867456631
-0.8138464956770108
-0.3645848796150466
0.3401498814445744
1.0189268486750256
1.4567593027810424
1.7537994655318354
2.1446335374339833
2.5552523820710973
2.70244291132405
2.5661904182063293
2.281218249105742
1.8582630823610014
1.3478304882632641
0.85391572718604
0.33571614465893146
-0.24617496176967132
-0.6962580128012303
-0.7548137632613293
-0.4275815589596451
-0.026588322508863668
0.10674103112885688
-0.09419793594472924
-0.45069454262712166
-0.8319254307581557
-1.2501266910601359
-1.6895939578170565
-1.9953257844584849
-1.9202634060381123
-1.2826556880275184
-0.22458382081027942
0.7890819331003587
1.4408061402800598
1.8074234705192564
2.0092540049109657
2.021897821368989
1.953685715927844
2.080685840088102
2.4539943980933496
2.778146695785936
2.742936874724399
2.238514967032794
1.3434586753774578
0.36266882811442114
-0.24869473732570166
-0.3006524038268649
-0.1071096648423218
-0.02258274393197606
-0.051761267659757505
-0.1579921982525454
-0.38263238421741874
-0.5452755861358715
-0.3624602222987785
0.19540525160619748
0.830024855028664
1.080633501501791
0.7551038446168201
0.16541240186343226
-0.2962965865743936
-0.5612739127449908
-0.7376446416437216
-0.8840616610400809
-1.0291298634739758
-1.1934292929847599
-1.3241986203957905
-1.327196966416216
-1.1481856214497805
-0.7983078382428443
-0.37231349774301736
-0.02688990851455279
0.11507119861383129
0.006516435223453174
-0.40874867007549986
-1.1103624237262253
-1.752467186083601
-1.8307561166935564
-1.1279315574813968
0.15006882055734205
1.4247668458988672
1.9552777847801628
1.4418147042418925
0.39775071235074394
-0.3805827935316382
-0.5584472560232394
-0.33478815346882773
-0.11514079504164079
-0.20967285298875182
-0.6011338088640947
-0.9989070260120555
-1.080463900945005
-0.6427059448822388
0.2508359691235266
1.228304363157509
1.8377063906498292
1.8782625052958104
1.5785314961482784
1.3647637755881108
1.3777882394565115
1.391518725175947
1.1740771433394899
0.660375207445813
-0.11400721721696327
-0.9351099130388436
-1.411885097994252
-1.3195825168147288
-0.8126927657767794
-0.22676292266078804
0.25277038329698487
0.7626185457434325
1.4634258325363672
2.060010968606802
2.0221466361450835
1.3265311044846715
0.5809241794347201
0.3364097103227538
0.5274667499326426
0.7330332586106296
0.7677487574207398
0.6803230212887151
0.459946892448184
0.14035274868079556
-0.08237683551598837
-0.05793453919484077
0.14726857119335068
0.3369746367916987
0.32715722075368664
-0.05155912052427694
-0.9149361685949788
-2.0855514399708226
-3.0358387636881825
-3.28398383198971
-2.777676103923965
-1.8530679827779204
-0.9378330445067964
-0.28097621714140153
0.09619166685736498
0.27662505844088575
0.3609808993172603
0.43285352985255393
0.5997763964946394
1.0144921897157924
1.6339540807613828
2.0672060630147193
1.9506083464590906
1.3713264577017847
0.7309043580520131
0.2787959268779924
0.0005410627415005302
-0.08697557297587345
0.10851758331234124
0.44384244655305544
0.535055930166595
0.250817874607397
-0.05598008239978793
-0.06443337125388622
0.006941200038549527
-0.25974235450484257
-0.7772674927288714
-0.9846717452871818
-0.6500227611554354
-0.25354219888300483
-0.2698834652072799
-0.48408236774028196
-0.4435414552485892
-0.12409091734166355
0.19865556786144245
0.3255458168655552
0.20402620897170978
-0.14631920272901736
-0.6861170537350944
-1.2941516042594432
-1.609463551709614
-1.2208345242687348
-0.27931129986848385
0.49797397223610584
0.6894812361996562
0.5105943910021545
0.2893117198353751
0.11903988750649572
-0.0806100747486542
-0.3948230758259642
-0.7499782682404192
-0.9368048773807222
-0.8177436030644749
-0.48890545051481754
-0.18783276137805258
-0.05810170582312072
-0.06377721947368434
-0.12395653091179948
-0.24287994778443517
-0.3701136379341288
-0.32555012277664597
-0.07062154515707053
0.18278461436772026
0.22611343725813585
0.05829002468833954
-0.1491665782964957
-0.21058951395289655
-0.08290778775541542
0.09944162807367998
0.14852645983686466
0.03160646128902489
-0.029145224323816048
0.2707025552581682
1.0031672961998932
1.7553878142062598
1.8156523667146538
0.9734304846798048
-0.07928984554531338
-0.5475724451133263
-0.4241300982661361
-0.21422823894421494
-0.082336558402097
0.2505026274195705
0.8327482684099079
1.196062178800467
0.9358796522424102
0.2385189071450712
-0.4094709980160836
-0.7586428127515333
-0.8476776327555203
-0.7085065797339118
-0.23934460453343237
0.5668918502642376
1.4316238241274761
2.023302688308648
2.214933108218927
1.9739202298248522
1.3249154078224235
0.5221691196369613
-0.06388250894148474
-0.3325609983181416
-0.49591467530978817
-0.6789700159184227
-0.759451136723636
-0.6419797131651691
-0.4402881646671308
-0.3172525572724995
-0.24834205724526626
-0.08950093033039973
0.1460363098775502
0.2938077588022346
0.25975763380156014
0.04169864867626141
-0.23488443083743257
-0.24531490292254604
0.10123809859687381
0.2845099310412487
-0.16727138239896167
-0.9546823895438759
-1.448054907427149
-1.3887216271211364
-0.8967203034843185
-0.2157268055961509
0.4030918270714144
0.7525428076648739
0.8065824231396044
0.809244930480916
0.9811433602916289
1.1719998550589457
1.0710606898923083
0.6082385238365373
-0.08787784350541206
-0.8669834099576453
-1.4470997256857268
-1.49447777967181
-1.073073636500119
-0.6105907572175512
-0.322702674034494
-0.08547092211010268
0.11448650567716952
0.039849270646201015
-0.39071918193213934
-0.9621398376570257
-1.465061407038094
-1.7469232036387956
-1.6188193811521607
-1.1192390432065626
-0.6790547774912422
-0.708927920462569
-1.094346018116697
-1.2830619758403137
-0.8907693244689878
-0.09693269479286118
0.5569158468263459
0.6903563990859191
0.40089268758572205
0.08449582387073071
0.0024504600233071615
0.038807392960724926
-0.10707351005911392
-0.5031806189700158
-0.853213855066007
-0.84268892450956
-0.5860426705897654
-0.5175876768995052
-0.7857340335051974
-1.0604377791105974
-0.9805781150194723
-0.5330991358552092
0.04986461796907861
0.5364037134227068
0.7453381111203637
0.5566846974384612
0.035648517600788215
-0.5049139018658206
-0.7873948248793828
-0.9244352546439181
-1.2274948157301317
-1.6547155620410188
-1.662620958865009
-0.8726038556096062
0.15448288946204358
0.4227530955155075
-0.17659959741776293
-0.7661643082739542
-0.7353534817604539
-0.36943216335050727
-0.13089631774322602
-0.07624851305887308
-0.12868943292135807
-0.28919345561191856
-0.5650872160509176
-0.9738696692022241
-1.458140896189612
-1.8601076912057568
-2.0811694894615758
-2.002799790514096
-1.372238365633834
-0.1741925520885033
1.0699822377907036
1.6797685347730527
1.3716860687864811
0.5030379212929647
-0.12785518712680488
0.029570731809660772
0.7526757215256672
1.4149609060365662
1.7077186599806777
1.682420777543056
1.405038308371671
1.0043111589147582
0.701809553289828
0.5771680782726519
0.6202357360000752
0.8655225036178913
1.2992483325188713
1.7939930042806318
2.035949720262149
1.6682244060215106
0.8653899916661271
0.3837060458148692
0.6086052279030241
1.0101942531821
0.9421448941298451
0.4784470160514416
0.06329607418746912
-0.1885072054627565
-0.3586137255099125
-0.31392152508838705
0.05965758053494263
0.5603394069676372
0.8818726654531017
0.9270278427319284
0.8836851057445281
0.9981495871650691
1.3250849651014092
1.722189957214521
2.0152124468319927
2.1436495346981332
2.0423400757679135
1.5232711318432135
0.5029189686110305
-0.7898803523527267
-1.8897084058997582
-2.3605623964174973
-2.086956273050175
-1.2489002258018607
-0.1627626290139565
0.6600314172449979
0.7355180021914279
0.10618375745177203
-0.7617632194817343
-1.4566666953873044
-1.7829855005109703
-1.7970088096274528
-1.7122382674106562
-1.5854756368999143
-1.3241343540664294
-1.0387894899014107
-1.0086638502288319
-1.2394656911261717
-1.4007467841005719
-1.2517540449203255
-0.8870851054546199
-0.5740128893851225
-0.4816607833800274
-0.5382776974098646
-0.5526366895641653
-0.42635069953996535
-0.13022117819629778
0.3218245124051547
0.7788382597839262
1.1384352124956714
1.5472560143328973
2.098685809619989
2.4458847283597565
2.0599211280143304
0.9861936665641281
-0.022916492105334287
-0.39460274791773914
-0.3451399122614532
-0.432053288417615
-0.8755652998757489
-1.3975931339861043
-1.595121650749535
-1.359787410086911
