1025
0.13721061965581863
0.20679597195127
0.06869123991922145
-0.12313759565342074
-0.2325302039260317
-0.33028559076214553
-0.3722350430588028
-0.11870441681290403
0.4090926641656649
0.8432478007863415
0.9389866699488946
0.759081696171172
0.4789846361793018
0.33067159413813957
0.5955702194424697
1.2756664417417658
1.861573258313656
1.8189355739241835
1.136183141014721
0.23217278347700165
-0.3227645599469366
-0.11413501477599945
0.6853400223816587
1.374301039411486
1.4523897162921178
1.0294436035689027
0.46208041291161733
0.04770818069067848
-0.025741892743710984
0.17470350118257372
0.4365424445762326
0.6597201535865407
0.8055962741494721
0.7818988759136257
0.5674156916452161
0.4331685561325256
0.750168515167593
1.4157770209325042
1.7697850428375246
1.2684159354851887
0.058024306661142236
-1.2852356601097419
-2.314493060850678
-2.850211272195354
-2.9367489206510355
-2.7904226901390095
-2.5760750718091794
-2.2265228362695546
-1.632139398212336
-0.9714637631082874
-0.5536739300002901
-0.3704234046265221
-0.20032601733930958
0.032750669198829956
0.3056183873538394
0.5608399570248692
0.6967512977772078
0.7397677639808499
0.8050310476324305
0.8449482916785662
0.6769074691131715
0.22910333008137918
-0.34232840868286
-0.7718278033905202
-0.9095868135170414
-0.8157204102107568
-0.5795934589129884
-0.17253918256961698
0.31750044846226616
0.5619194055715503
0.35378040849803244
-0.16994182776551695
-0.6707360132139129
-0.8212232819322457
-0.5748955119506364
-0.21564934600860608
0.013230394226862613
0.0983545086160666
-0.03906570078901239
-0.5085334028387433
-0.9235969007908841
-0.6285680374201376
0.278286928799685
0.9519585950336642
0.9483708812652514
0.5123717961960776
-0.061972959013502256
-0.6105812363619879
-1.023330312075008
-1.3309272575418167
-1.5677872621734585
-1.6351881659803196
-1.4483420965977198
-1.0609844086920728
-0.6399618784714056
-0.3428059213523333
-0.15887206109674465
0.0794388304075846
0.49549411487818407
1.0486277380196787
1.5638141179034089
1.8901749155523737
2.0981582797755256
2.2441952481893175
2.0567639563966154
1.3647740982341277
0.5123728068924461
-0.058648580841461746
-0.25732887761116047
-0.19637468462202384
0.045826930985855115
0.3536953800195781
0.466833381357406
0.1532733178697219
-0.4273503379607974
-0.7536791682564399
-0.5909902251093526
-0.29108504427455223
-0.26055968036787963
-0.5175673879294622
-0.8046223421643376
-0.8515885382707947
-0.6163298823495648
-0.3563792388294494
-0.32910360000634586
-0.5500057679698149
-0.9346131033433591
-1.3276792971827789
-1.369446561183949
-0.816644468886911
0.07403267542874951
0.8524780988054727
1.2678097828184938
1.2169206269621897
0.7642093841375576
0.19299037713258851
-0.31116068072629127
-0.808903163872977
-1.198130345286175
-1.039446877327429
-0.08956283338230514
1.2509317636947883
2.1717349403928523
2.0341041973038316
0.8827076561116765
-0.5266935313224457
-1.400069161660681
-1.5358229467786781
-1.2374138412124296
-0.9067849688024139
-0.7823443192187263
-0.8086163987149814
-0.7266638808640908
-0.4774126051677922
-0.40397677759606815
-0.7859565333277536
-1.3570698569992008
-1.5708830747107585
-1.1463512878520727
-0.25639820846171407
0.5706531044390467
0.8721379842270296
0.714385386562833
0.4753879278695437
0.3635215997618924
0.4122526453898829
0.5719734887758978
0.6758316763879786
0.5855316021280835
0.4033556260504602
0.33172502690138367
0.31186597332081517
0.13868330551915123
-0.12213135766233899
-0.2104380710286742
-0.049649307593631335
0.16054258365934077
0.1761955653347634
0.012253992176251243
-0.05314644707447679
0.15757381768287368
0.5020110669989534
0.7829331552283026
0.9672051987284708
1.0107261725157872
0.8397236227948269
0.5882080419832926
0.5623730676625665
0.90191114988684
1.3224269602208238
1.3400883917884363
0.897091285592919
0.415959280080066
0.11045633887256058
-0.2026358333829237
-0.5493849406382543
-0.6231344498023482
-0.27698939002770046
0.2254363060356647
0.547582670115448
0.6410089228201923
0.7178073930903407
0.8511511505118096
0.7589801051713159
0.2473738142997589
-0.42460265516456536
-0.93609042874974
-1.1878123501460296
-1.0545416258834386
-0.5196398595241628
-0.02088279314493884
-0.018409784269753246
-0.38655988956830856
-0.7061036643136692
-0.8963850120963165
-1.1160745744387068
-1.2451691492794936
-0.992635008853407
-0.42546296047432425
0.10171455356456162
0.46283455030073645
0.8328527685812936
1.3043706050259127
1.7116893834795979
1.896515587990485
1.9718326892289655
2.1420119906875503
2.362068227793523
2.38324239542224
2.100319540840979
1.685769591901285
1.3170071868359756
0.9629175087477992
0.5765031811723315
0.2303545828786585
-0.04880616422726645
-0.2815613549496285
-0.36290526464488265
-0.20565911999874217
-0.05428190747043855
-0.30983605780582296
-0.9395801713209947
-1.4278652331057917
-1.4640572532005292
-1.2101121620404216
-0.8023303131536558
-0.12178052462540435
0.8647621742390852
1.8347788030849668
2.3019461335984452
2.0751127900803814
1.4485908974265025
0.949744384988257
0.9236527739276613
1.3250105001601133
1.8716385747538982
2.2552780858838157
2.188545717104487
1.5541248012646975
0.6189970403602718
-0.1692262655345336
-0.6129683187624835
-0.8175813387681935
-0.9176464025377647
-0.8933729149923405
-0.6590053519379101
-0.34421639841607843
-0.3521605391905038
-0.8751986800705198
-1.5310325471043553
-1.7852861534048916
-1.466753153623557
-0.6701341855114569
0.44127706725135907
1.4732664060216591
1.858677345553276
1.481556525822328
0.8919911928028964
0.5751127789690584
0.4157223260213538
0.13343978701258583
-0.23846169094878814
-0.5477229369476964
-0.7493628426319063
-0.8378172660508091
-0.8557901164955637
-0.8151837864232422
-0.5705512681432742
-0.08016990853263788
0.43713786792678927
0.8200034421478125
1.0655733036071988
1.0920251404502785
0.8165485002617332
0.43335291617882843
0.28190135348276707
0.45743804963151685
0.7669905207088896
1.0108788541831382
1.1029630343828483
0.9547831866145156
0.5233526552934195
0.04699684371600155
-0.14157447776934295
-0.03019209563513762
0.24655865881706307
0.7003456001226197
1.2834806142594346
1.689613101399607
1.5355249702047813
0.794308596252628
-0.0495418257584216
-0.536724795816212
-0.7105753594186095
-0.8531288880508453
-0.9977582366871205
-0.8776654730440565
-0.4448624780240127
-0.20538814806472963
-0.595918477792482
-1.3029272616538365
-1.696736826499421
-1.6154151383691895
-1.2998137562020702
-0.9236805727323416
-0.5154451102793098
-0.07806730083567771
0.381495048479242
0.787182611344396
0.9909249270996265
0.9360858823725288
0.6889408699909824
0.42181086766541687
0.4345808806199686
0.8364303967569887
1.2756032246937583
1.3259583923756164
0.9645457685842626
0.5024226941118234
0.2809553351166918
0.4565161469126564
0.8830780585085517
1.265871501419812
1.4121071759302541
1.2495714883787665
0.8806949598040126
0.5643628275034471
0.41737729221370984
0.416482396235776
0.5657244884641977
0.7122922939989709
0.6022011343221096
0.28294179581654527
0.007815136208297364
-0.0975340679588495
-0.009659310805768217
0.23290004615954926
0.49423872835397165
0.6895652167793129
0.8227217756922551
0.7719099077943639
0.4310620327434903
0.08390936538232781
0.12728468485946828
0.4612634109823601
0.6055585628560751
0.3910508145250598
0.1246473540069456
0.07638480806274878
0.19524934950235093
0.35132930471660767
0.5152636251573813
0.6224869012098793
0.5742333367189266
0.4738264137010064
0.580460460604705
0.9176435935810494
1.1520971679111114
0.9991195880213231
0.5689836107275855
0.2158857066088046
0.19006085586004082
0.4686380688297021
0.8074681283536432
0.8883102029391998
0.4819521603118423
-0.39914900233607403
-1.4434421462604448
-2.1821385179837436
-2.3090569935164766
-1.9241798688411489
-1.4174976774553047
-1.1299912800147573
-1.1348532319230866
-1.2206216088478212
-1.1304970870723294
-0.8696118921863019
-0.5434607847192144
-0.03030448848374765
0.753723081184692
1.5577181906379556
2.11998972272535
2.350032666235523
2.082319498786452
1.187989323672607
0.0032810511884845414
-0.774397215351335
-0.7211449747449253
-0.02853058245056253
0.7791731311264066
1.2991123245016556
1.425805123069521
1.3044026674905245
1.1751833737744186
1.1318642179942282
1.089204600027444
1.0466813208136436
1.1392790837669675
1.3086008305952113
1.2155477349653283
0.6756876271129368
-0.03211676968497768
-0.45139039286620636
-0.44891260371404784
-0.2865840837125341
-0.1494671851470345
0.11487128700305703
0.6967444263654451
1.590375143954368
2.5487250469767986
3.088281116289724
2.8093933719129347
1.8695862575131432
0.9653023964195664
0.6085881650814556
0.5837164323190801
0.37813859371334363
-0.10117690734262492
-0.46959388711683686
-0.4122373981101321
-0.07599450073649443
0.24623294026213222
0.5340364066705188
0.8437509831518736
1.013933435619105
0.8316604089729578
0.33972945415517336
-0.13353411958957254
-0.26471968321903444
-0.03166855105949498
0.32256043082458485
0.6166027380917161
0.918007171730507
1.2556417452162245
1.3506743033721003
0.9579519588368882
0.2436014319242843
-0.4547322916163603
-0.9376502949442415
-1.0434666924242364
-0.6907654342034235
-0.16251467209054302
0.1528600468384235
0.27359752619772365
0.37964416013693103
0.3555550458939254
0.10698282302669594
-0.06893277473698883
0.1082417596980151
0.451873357671846
0.5392235344722051
0.16689237776285945
-0.5279066252441822
-1.256520185805063
-1.7888752866112057
-2.035363297652827
-2.0583736143145357
-1.9461156905939412
-1.651295240174464
-1.1495861272637011
-0.7092546173468453
-0.7292127565269523
-1.247078559729473
-1.7717337717160757
-1.824678839535257
-1.5678143877798516
-1.4765760498519833
-1.5229090986395566
-1.256751433286374
-0.5675953124011257
0.09478513305529485
0.22823494723107088
-0.2173477829664836
-0.8208523380948396
-1.044601041600917
-0.7225615760986
-0.23631942571927816
-0.022839821694774887
-0.11852641385782195
-0.4038035932499538
-0.8165344749384512
-1.0970888208437144
-0.8520115828323261
-0.025946534504836534
0.9968772115918728
1.7344444763007245
1.8660292954023274
1.2363058123645954
0.014205476225288453
-1.146254426693803
-1.6374197665501797
-1.4741503677288064
-1.0154135209035526
-0.5594094201647224
-0.3689094487527327
-0.5741543785521566
-0.9709707461138255
-1.2457384039469916
-1.3734861323926904
-1.5245502171326748
-1.611751728391135
-1.2718873126098262
-0.3701903366957163
0.7369424705105985
1.4790723630181153
1.5325741733330915
1.099768021213168
0.6613437456829311
0.3871021409162843
0.028583676864566497
-0.5175692547463935
-0.8956024754718991
-0.8132761919262708
-0.49433553125007224
-0.276190549203869
-0.23130321954650168
-0.4175814844595197
-0.9535589422900546
-1.6928244553199356
-2.2278191156027587
-2.2972173240602367
-1.9160570371224388
-1.1963793084855678
-0.37621354990516814
0.14375558186396112
0.07598697225380448
-0.5084866342983377
-1.2280105496481108
-1.6334258179516268
-1.4663086633487532
-0.7314467491198284
0.374731863124359
1.48610617322215
2.1627386228676855
2.1925078839954906
1.7232909389149935
0.9602352223163364
-0.011374812527476491
-1.0249319602590368
-1.8620499281979943
-2.3856608361840417
-2.4195042166241194
-1.8765897269206266
-1.0221451904232939
-0.28944139282303843
0.009443564466501816
-0.22373833178918637
-0.74518561630903
-1.0587448421016832
-0.8371992901499463
-0.16647877266561753
0.5220518726307162
0.7670633691302715
0.5246067825867773
0.16161174082275195
0.01766123949090983
0.19295721874148744
0.5810331016821884
0.9292535189543406
1.0115280129908295
0.8514324353625634
0.637639432442357
0.3405695564200162
-0.2623396913459625
-1.0137911115762759
-1.3163803991067404
-0.9335810867228307
-0.3720200340932001
-0.11058390922980907
0.08574824386097844
0.6078884100580543
1.1952408720315701
1.2494335721705088
0.6857812684232295
0.05322049203577113
-0.12939182878682184
0.04098086346541469
0.11228971897054592
-0.05237035280328177
-0.2315537723774545
-0.247736333679043
-0.07043044304039114
0.25719158505684636
0.5879137673407805
0.845070030006033
1.1602372668532086
1.4821213084120641
1.381491304893399
0.6053047922575568
-0.4728171212319548
-1.1905698652478853
-1.239070363256569
-0.8134798493744168
-0.22112357339328678
0.32298337542684646
0.6042078442010774
0.5657329917196041
0.4041355652468125
0.2759562517852223
0.171376206219079
0.06309482574078551
-0.08898877276730074
-0.3228277158067843
-0.4763305416321118
-0.2866526963525584
0.10657045493942921
0.11455107541700274
-0.543869185710895
-1.3857045182511363
-1.7829393019253148
-1.6888420640881268
-1.378352710487602
-0.8839144855361734
-0.17314098069119646
0.489936570855919
0.7887251485912018
0.7766875229234911
0.8123027645706955
1.0334563388184854
1.0279281242818452
0.31628688988419335
-0.8972417344433379
-1.8501005134075514
-2.0256873939023703
-1.5302058927992632
-0.7820670283925628
-0.03960165620449537
0.7106023909835946
1.4510558552458128
1.9700935469750211
2.073517734020828
1.759547194087312
1.2375344492239497
0.8461701718734996
0.7775281786902432
0.8977926152922671
0.9742295149277044
0.9463650724417522
0.8168847278503755
0.4641086447090496
-0.14517919256008832
-0.6617872862180445
-0.6571153457369611
-0.1768331724185982
0.3714679777759689
0.7764727670802396
1.1112370951028887
1.3712960567466739
1.3508957703350999
0.9353239103670263
0.3154539296735353
-0.21011586495722384
-0.4850484812159081
-0.4747658985525475
-0.18901028368894204
0.23906655748194372
0.5258832610853977
0.5392392619574915
0.5112845244123165
0.7068154555109946
1.108629188956569
1.498148738031429
1.5905239177201218
1.2461416183444043
0.7101662454212527
0.38590619736763854
0.3500291527649355
0.31063689647171566
0.07802503641780373
-0.11361091300170194
-0.027949219298505166
0.06260069347716839
-0.28753136346048136
-1.087719086252677
-1.9243093740920103
-2.3455095287011223
-2.1313349978797165
-1.3748178581423762
-0.3908682697626311
0.3792542092448486
0.5304676371815976
0.1199604908303535
-0.260845853407825
-0.12070049153450844
0.46519051950777046
1.0618192394191093
1.3089473300242562
1.1464847715857975
0.7182846056212923
0.1540431871310117
-0.4918759818633987
-1.1977763142173365
-1.9548351757968365
-2.610530348718056
-2.7241098235910157
-2.003975500231591
-0.9370457182881332
-0.40081886940418315
-0.6131639681195522
-1.0790058719554338
-1.3587309942861319
-1.3215794597550963
-1.0233710552275324
-0.6762445453781506
-0.5066741320084593
-0.5384054332705759
-0.5573985551749002
-0.3873355746613949
-0.2229742227328609
-0.4046788803846512
-0.8032840046986055
-0.8592775885407258
-0.33196722817349256
0.41997624834026964
0.9494681110891883
1.0582278914189163
0.6453501891742935
-0.2634951995882197
-1.2402461373120295
-1.6057891439475558
-1.1086927726522937
-0.2513041387988151
0.30384776917591794
0.4195745962542852
0.3756863037537028
0.3637620721490144
0.3355953115957839
0.2738925102593662
0.33628844369551275
0.6188367990709126
0.9754043044527113
1.1386763655605248
0.9686571629439852
0.5651870214969389
0.11816503032207305
-0.22864062302435736
-0.35787873934265846
-0.22894543441347015
-0.03324191545967914
-0.13977925966945787
-0.627659270151797
-1.0084643650159382
-0.7824593876971129
-0.09105854720345691
0.47346618721996364
0.5296547778469501
0.17475354945864569
-0.3355837975459201
-0.82188401671895
-1.0452493081418133
-0.8303381627245305
-0.3476044155448128
0.045295245300189475
0.13331505737121938
-0.028695853262391248
-0.21798167183644201
-0.3422419349629545
-0.4763360737436132
-0.5052477441973349
-0.17639564691952683
0.4295845790145023
0.9751123473133128
1.358024868038973
1.6434423585849902
1.7121580495525992
1.5081929641903735
1.2532706962702262
1.0949452710111363
0.9424809448482457
0.6667851186665483
0.2776019849110827
-0.0915615510445086
-0.3383181189024195
-0.3821925933274159
-0.10052432564279852
0.48447863263941343
1.0601869897574834
1.2711512600944708
1.0600137376505718
0.5604706124407215
-0.15931289138260663
-0.9197962676019974
-1.2776459764084083
-0.9826062778907122
-0.41781506284168013
-0.14004127099182967
-0.19169062627413466
-0.2963936041845995
-0.3493039853479118
-0.3657554855924189
-0.24548802428949384
0.21687224474867903
1.0331316372693762
1.7862939846649528
1.9845857719869902
1.6211592068131062
1.1583968850372304
1.000383704755353
1.0628122993045694
0.9572774145725079
0.59601624722402
0.3276991152161983
0.4731289160610955
1.0134453701305792
1.5799370784264386
1.6610290539445673
1.1441179051587616
0.5187404223252203
0.20105838863275238
-0.04894477766326612
-0.6218474760497605
-1.3481999129610052
-1.8046723878810544
-1.9497185349909867
-2.0290871645700834
-2.1085066763617415
-1.9700941666023986
-1.4266146509467954
-0.5919360673956614
0.22094498182074837
0.7703715564024763
1.0253511966338822
1.1225666817351276
1.1362340962000856
0.9152183916617584
0.38628768772558736
-0.11860252565648176
-0.2438117413351718
-0.10318077616179734
-0.06757384222197814
-0.31681552929177553
-0.7519342579539073
-1.107695917240579
-1.0860245476934751
-0.6430991624658347
-0.06201704303642644
0.45345075579348376
0.8847308319355188
1.1080639181511265
1.0092083718606528
0.7403030008511421
0.5314891071696353
0.44537912811995645
0.45349058140716497
0.5622297898498697
0.7763412357673115
1.0687229876585718
1.4084207289124324
1.7533291052849234
2.0624380126735464
2.307061930557057
2.4062800041172276
2.274803367210337
2.0064161620558805
1.777960624632482
1.5817325077007307
1.3852655204999302
1.364705146653866
1.561949886784662
1.5843036755910656
1.0783114434352872
0.2559884394714859
-0.4279647910609048
-0.8158634882606193
-0.986056611234639
-0.9915352739184529
-0.7851064828050739
-0.2936122889565858
0.36582896506413176
0.8960702023704303
1.160496265409089
1.2360095380889737
1.1934855828020263
1.1139924356544801
1.0666197797159507
0.9273181517996628
0.5354534004961363
0.03046341606933189
-0.27378907001736214
-0.29424221418861585
-0.2110564877112335
-0.20409897688965306
-0.3039102527387225
-0.40140333373249026
-0.32881463268117733
-0.009762943298453605
0.38374289991474847
0.5518680902389957
0.4712464829622573
0.45747666226994055
0.7311065620965858
1.1859374160690528
1.576319017875502
1.6803578087351803
1.3936206545068415
0.8958606154588276
0.5667132967706129
0.5444236530190933
0.5177960834021113
0.16343523546232694
-0.3268015795557135
-0.49609736018890316
-0.3244837021713258
-0.21075196218856476
-0.2789917449343214
-0.20796253495658157
0.2313690048223994
0.8349466450550519
1.188059776639737
1.1076512927184665
0.8568648776476671
0.8337989789094831
1.0078177313619812
0.9238813221135906
0.3465427107972037
-0.4111358558952992
-0.8196260367012906
-0.5750734283813298
0.1967320209328156
0.9837370933884078
1.1909503267900072
0.6568266168912724
-0.12607909182884175
-0.5651758362751034
-0.6293841393443493
-0.6770678648576447
-0.8042843816875648
-0.720256110284315
-0.283664666306487
0.2250580414395477
0.5454353390471591
0.7452113945474453
0.8491330152799965
0.6185569406551197
0.028997169939551756
-0.5563577794900608
-0.9112829698058872
-1.0794464134480555
-1.0521930306600973
-0.7959473808487173
-0.41561349757627636
-0.05694670432376853
0.30582535106961845
0.866706070929882
1.5637474326233591
1.9039559746154602
1.6028254777423552
1.0458277104176776
0.7674670472958552
0.8131286794321234
0.7730040161091275
0.3599923552180604
-0.1323732442237177
-0.28348831288039394
-0.2103549830380055
-0.2814307566798255
-0.4952321588692705
-0.5311495831311855
-0.26007964779581616
0.11694711834975492
0.44389946083222515
0.7364056890462259
0.9290769543259851
0.9370090529175854
0.9249133354356762
1.1636866634035725
1.578579865237845
1.658783486784272
1.0593325682112906
0.07838739164473411
-0.7411860288049764
-1.1616701227581663
-1.2730026372072158
-1.2975718525386408
-1.3531274018807293
-1.279040689972099
-0.8723208455168948
-0.21602965966066306
0.45639644536081736
1.0020736518295008
1.2967972000371164
1.1887295632400794
0.6542136786256948
-0.1282972910451627
-0.8646795138553857
-1.2791682385592433
-1.2640172113086312
-0.9232760813134184
-0.4252073071070348
0.11542408401751605
0.5881750123335026
0.8764546317088507
0.9725756985316948
0.9771759180780838
0.9297315674310717
0.7512032484396103
0.36368618194791535
-0.2005363064330913
-0.7379677538109529
-0.9655178402409506
-0.7882442851670767
-0.33546727889010564
0.28809266824701446
1.016500562157918
1.6271181016547902
