1025
-0.16585362866075135
-0.5750843901743291
-1.006345519861956
-1.1134106775305612
-0.8880882707028509
-0.6128164321725557
-0.4498338946106524
-0.31788914919288147
-0.1829192708902272
-0.2108204482025365
-0.4774642650128814
-0.6774559607333771
-0.39460037861603886
0.3375351049094466
1.035742819203172
1.3821881304925676
1.5055444941242495
1.5609656703692116
1.404849429069039
0.8850416263614572
0.10444932260676255
-0.8229213252006631
-1.8436487248068973
-2.6282388929188465
-2.6904243470192406
-2.007046791862609
-1.0580232716448283
-0.21200321520001342
0.46626575784159985
0.9087805938093997
1.0271445414886005
0.9079463268510102
0.7611627917847493
0.7151703203423975
0.6550289801140625
0.3733240123878819
-0.04804006808142966
-0.2911110490386594
-0.2019029599638388
0.1169775762285336
0.5088088724824421
0.9038036122681417
1.2662871750878921
1.4672313208915568
1.3143696810237553
0.7975466445028003
0.2041696780265462
-0.15217474820475005
-0.22480819397785493
-0.1867767002039257
-0.13099644470372412
0.1246115065727361
0.729296144844005
1.3632181794373253
1.4971867864187212
1.0750271350239469
0.5765804572313052
0.4184007849270221
0.5028061542971399
0.3471482488379891
-0.28957275166653523
-0.9669303047269135
-1.02064426546021
-0.39419201454682923
0.3326112050393434
0.7091297003605472
0.7776141399471539
0.6648518476597494
0.37024736035317085
0.006446559902740129
-0.28731885560778614
-0.6080535809347359
-1.0619844563919127
-1.4771574200248947
-1.5796039313877426
-1.2801384070790989
-0.722925433943815
-0.15140693022769475
0.22913557349266814
0.3430139191064897
0.2938268195969272
0.263883258678983
0.39544658817099443
0.802490125150524
1.395113897741703
1.716971068492612
1.355908107722446
0.421644041829037
-0.5606426493667863
-1.1310851512402886
-1.2517779895749055
-1.1763566497965277
-1.0686044036516429
-1.023959480503381
-1.3046646010084082
-2.019850734083134
-2.7055238715273444
-2.7614129199638895
-2.1875467179374315
-1.4992476320899168
-1.0493707116703275
-0.8421519800518747
-0.8570510258189298
-0.9703432715851075
-0.7686329158624251
-0.13242859622490924
0.3575643502300983
0.2050238145311981
-0.354897036300446
-0.871321533565404
-1.1764329496062214
-1.1958422515632656
-0.8501164966605351
-0.19281376203612166
0.6346042569019881
1.465971994452034
2.093053684250319
2.366694866919385
2.273958729053948
1.8055158521752273
0.9232682716537387
-0.14289968456348895
-0.8497043053796111
-0.8737984337634215
-0.4434325840518774
-0.00685158768024323
0.20928037864728644
0.2900181291130027
0.40766064841192146
0.5693115840016274
0.6697903822169039
0.7065478011697164
0.6975906786793116
0.4813838678127891
-0.10956207964029316
-1.0165183860644944
-2.0317345947050622
-2.834375288073092
-3.0965709478346386
-2.8286799781347662
-2.2780256194616064
-1.5121428374992636
-0.5458565740184452
0.3207758151167257
0.6885123068559835
0.46743149809583223
-0.08273182627748724
-0.6072495910475236
-0.8485372579221687
-0.7257904072824939
-0.3351820512628048
0.16387245262261793
0.6467010439354686
1.0152689964069008
1.207238042649678
1.2205980787877992
1.076396245783485
0.7806364560543928
0.31070084311044266
-0.27751879625348097
-0.734412231197514
-0.893092760991549
-0.9393610931570393
-1.036707964439361
-0.9878224275421221
-0.6502912956237784
-0.3259480964544907
-0.39102196299478165
-0.786622276344119
-1.1299702045227795
-1.2248771643279466
-1.224235797903775
-1.2303018362750122
-1.0414429621134136
-0.5828636951704926
-0.21173198288019188
-0.16840523115929243
-0.19636128621279264
-0.10397543622098591
-0.18384299692093853
-0.730990796466147
-1.4824965787715616
-1.863350654020699
-1.6581302365529131
-1.1292452509465734
-0.629929635217696
-0.3604254200425544
-0.33213564746868673
-0.4684527121240144
-0.7065097996660554
-0.9306875300173046
-1.0736867616816346
-1.3004311469618521
-1.7163242757884205
-2.0772137988952246
-2.147337041048311
-2.0882507546344935
-2.2047079775839857
-2.499672078317976
-2.710755942269817
-2.6580904970298636
-2.3298294250595517
-1.7032458387916702
-0.8566273987986519
-0.25705701733363523
-0.4001711846575382
-1.1243777796503478
-1.7146299711785506
-1.6303933933807984
-0.9103894641421763
-0.04083407967437957
0.4271955638611064
0.28618151915795687
-0.21657992549551694
-0.6992943755518916
-0.9327038317852681
-0.8083327030493447
-0.34676699207290956
0.24843262756508233
0.7807084633796749
1.1329354898915276
1.1331968256249376
0.7295488061568132
0.23639077644181433
0.038577897573031004
0.08231229797614639
0.025523127995927604
-0.15974335665903025
-0.19307951177620017
0.019896923039414177
0.3457813754467385
0.687857008936951
0.988308175269745
1.2195275802553154
1.431009232036993
1.5344546259746807
1.242643375823035
0.5461399569466692
-0.06083891956556943
-0.14554169989853905
0.22644230666602863
0.7142702328449523
0.9374447654013216
0.5988021592130468
-0.2641307221952388
-1.2912162307270718
-2.1413211508100747
-2.5725064884155335
-2.367486656313443
-1.569635605898116
-0.5789326192038492
0.1750336513211727
0.4514028928207305
0.2075694127993682
-0.3773266402092163
-0.9419212303318151
-1.1450033876595782
-0.9592769189707789
-0.637020069427339
-0.3429727475242871
-0.1046978908521965
0.010372371978013942
-0.06831229345038094
-0.3307829237061136
-0.6559650668640153
-0.8749311568909968
-0.898260427754992
-0.7160817124344082
-0.45466927522138295
-0.3449636157606831
-0.40441010020019463
-0.4184971413102108
-0.29722147288899814
-0.20055316429078274
-0.3107326760347843
-0.5473398475763651
-0.6254673994583958
-0.49652280223127193
-0.48011833405362536
-0.758512711203528
-1.0495942061801762
-1.0710171331523386
-0.9784254685315028
-1.0011719570783197
-1.0018681357882493
-0.7787061519377163
-0.5078329528218083
-0.4441802296221247
-0.5114007515072622
-0.580271819764183
-0.7177108640095141
-0.8810577279491909
-0.737447161005567
-0.011795624266388378
1.0294957377078613
1.6289970234753743
1.2836601261606408
0.2831747171747314
-0.6712180140839018
-1.1538853281965635
-1.2177034818045558
-1.217582529900189
-1.4756944871557192
-1.8678613663823804
-1.8403068522328618
-1.0334514403048278
0.25611766692967286
1.244559045548327
1.217326114546867
0.25151055036655673
-0.6251910334432186
-0.5378727112849302
0.19301417151806463
0.6576486045625988
0.5551550339133442
0.2963858320996424
0.2535446293502277
0.32332680174749195
0.2562576458998027
0.15652424025393227
0.34124160199612896
0.8106026705842886
1.1958061199685728
1.145408848045762
0.6674185789886866
0.13159539867001874
-0.16705237209059973
-0.272585414167715
-0.3254294086052854
-0.32978685077876185
-0.19033961693492593
0.10245193284085674
0.3750563402028182
0.42672426174197453
0.18938486646518396
-0.29266293859711445
-0.902947341294198
-1.4581673123093157
-1.7104955255369176
-1.4741818371388473
-0.9277077186362089
-0.6350127834265961
-0.9675111677754441
-1.5204700038527403
-1.4836405130245929
-0.7022180327674293
0.09959114419644383
0.2182107122601811
-0.30986029979671975
-0.8332571932874512
-0.7238673676864482
0.05165067655373954
0.8733296192854003
1.0060732995868122
0.40745405935281565
-0.1556344255610411
-0.15593564646181446
-0.014826870610346057
-0.31748560429795325
-0.9144872471353722
-1.1940167929001997
-0.8126533171506756
0.044483200923112434
0.8627265678716085
1.2128429303474164
1.0694928175205378
0.681062908048079
0.231598531284087
-0.23852284519055772
-0.6685672832466532
-0.9380615070586867
-1.0624304841090144
-1.18490496341622
-1.286414155960014
-1.1674300804747049
-0.7600291260053252
-0.26836741454163315
0.06558935932497836
0.2260772040400622
0.2595909970911562
0.01661668646488159
-0.5093147375235323
-0.8419830633547752
-0.5551472921529242
0.1357943940112948
0.6595910352778617
0.7553997145144453
0.6879840613800337
0.8455776114732444
1.2645456171010776
1.5962676927494044
1.4250397006255966
0.704006347377969
-0.08843863976007096
-0.47333989394808573
-0.5024487697389695
-0.483192349229752
-0.552395745692297
-0.7438335051851994
-0.9997304747618104
-1.0645766231320446
-0.8070368187899156
-0.5018304843953361
-0.44422227549418947
-0.542140554015239
-0.49195863279940066
-0.16712046031197522
0.17985480287882938
0.11651756182218775
-0.3899685028453885
-0.7812901996133069
-0.601186058443706
-0.15686601818454915
-0.07458020156809642
-0.37636922755339536
-0.5695350016480417
-0.4665287040056253
-0.3438369318226443
-0.47461731145899955
-0.8525182713258518
-1.2617685909925174
-1.4488082759174874
-1.3263305695673104
-1.155016005319156
-1.3021482758419385
-1.6365776414713695
-1.6057535040922974
-1.101286693029926
-0.5654046379916623
-0.1524409535200311
0.3725438198915603
0.9219070178254491
1.0823040254315843
0.8034138927128461
0.4621590493497478
0.3446144349542106
0.5312423299561677
1.005920373464307
1.5345620755059128
1.7293837815347826
1.467933552168675
1.066373871910841
0.8378802483404696
0.6474012044317556
0.19202510310860832
-0.43932939454584535
-0.8520481195285429
-0.8783738141168799
-0.6182920079576185
-0.10537006458556498
0.5433702361592297
0.8679611655488949
0.5311065010095781
-0.12284157505301294
-0.42890470862823094
-0.18890591713836793
0.23006188047982495
0.37964714936362304
0.11452764350570217
-0.32280903051560295
-0.5709176738289266
-0.5420060640274809
-0.4178728167677113
-0.2741036648068336
-0.03252869496679379
0.17157171419662176
0.04141067584366724
-0.35833226432784165
-0.6184811703616206
-0.6014741742894607
-0.5634974405925818
-0.7095765082997785
-0.967094274253599
-1.0994476775181057
-1.0005763804055061
-0.8323479853804729
-0.7806455381456171
-0.9127999352624726
-1.3030681928625456
-1.9462553195054664
-2.5254238088812953
-2.6143567164765233
-2.0945638276921836
-1.1963814788869316
-0.2851089076285501
0.3775834401152047
0.7969257196204725
1.0790031303096963
1.1547117588124074
0.8636765952152271
0.23317724246167917
-0.433984172387063
-0.7147535817260162
-0.41302977723342116
0.2211950745925871
0.7790137006623258
1.0383919505355577
0.8897225805770386
0.24063812965620957
-0.816887937254239
-1.830545081795925
-2.1404352824146606
-1.456645978259748
-0.22896450354328773
0.7795400645398248
1.1269171086808052
0.8636393225722001
0.4033142293868849
0.1872492295682379
0.3151263289253984
0.6172028096404809
0.9297830986054543
1.1961767139763484
1.5036150551490226
1.8688525123155209
1.9875004429216727
1.597671667044806
0.8559600791872589
0.037144019274595055
-0.6775370079298365
-1.0738933814291314
-1.0826233803884404
-0.987735115848375
-1.1079477955552965
-1.352510035216004
-1.3513741413726648
-1.0044215528369773
-0.6702301729606609
-0.7098691077470517
-0.9433093570320348
-0.7929024373588869
0.010541644677531117
1.1289893424851953
2.0138314200116496
2.297245294578476
1.8816540046981671
1.0801643855219563
0.4964657734477781
0.424897250984739
0.7140390801020416
1.1346960045337695
1.3909959397282199
1.1306494609317923
0.37607584001293487
-0.364895287568949
-0.6468238468248243
-0.48104297042637995
-0.1477804430894918
0.11692647158371058
0.23975118664055628
0.22221698596186917
0.045085041987873574
-0.25993478192163705
-0.5521302064687993
-0.6724856215678116
-0.5900407270875859
-0.394206931218255
-0.11107194894578394
0.2648183161441145
0.5755755374603464
0.6646236113374517
0.6160006265772643
0.5155677232049177
0.28004359239357945
0.026110968596701523
0.11014473108027872
0.5457351884662218
0.9934487943709723
1.3364701193488568
1.618679553587104
1.664840180780081
1.216182231359758
0.2414171277562106
-0.8902384485332975
-1.6179453775645485
-1.8132098350975414
-1.892895174978833
-2.125251021294334
-2.2270609665901415
-1.9005564389175538
-1.4157663809722625
-1.250301527316101
-1.4049526819229265
-1.4662404612086275
-1.155239329589357
-0.6065260114786621
-0.20951434805335636
-0.22357851838263326
-0.579212405238856
-0.9999249600782784
-1.1819161338380237
-1.021632730987618
-0.770426500066987
-0.8121788160142428
-1.2485777286251696
-1.7305590754330165
-1.7818413662946926
-1.3751192462245145
-0.9653017188074725
-0.8593045827228736
-0.9803724864245191
-1.2107122025148664
-1.481411649326147
-1.6882118876233743
-1.7598697521445636
-1.7064470762735686
-1.6577714417549327
-1.7408818003043327
-1.7643206691175994
-1.3543133360960937
-0.5267551604555906
0.2719194161505682
0.7109444309398287
0.8020721310334922
0.6545783910220236
0.35837429200233195
0.08032320186280868
-0.03695953441145016
-0.06541960623768674
-0.14424911360258233
-0.2645915499498499
-0.41143724768450235
-0.652263932043412
-0.9327382235167518
-1.1048750937052312
-1.1181584986240711
-0.9194945439180874
-0.3648190716045419
0.5781823083690582
1.5914278401643385
2.0603184184353935
1.54034287783424
0.2440100657688865
-1.067674755300104
-1.7297280481724375
-1.6363388343234255
-1.1241879441201827
-0.48874025438316415
0.29234196063403906
1.2466972106382408
2.0657036995666487
2.3969878046366664
2.2859176423197085
2.0329205014603855
1.7576578901357356
1.364557967867343
0.8602149273801503
0.5010359522906151
0.5626166042096566
1.0215587318675985
1.5589886696924375
1.8320894044006588
1.6750027641930358
1.0868902008343415
0.22787399223671298
-0.49037191864168084
-0.6903527210893028
-0.4721069041893659
-0.1964654609774039
-0.014917354014583958
0.11228345997306836
0.18932008336225217
0.147148111882594
-0.07399174135753295
-0.4496810808452677
-0.853596206801509
-1.146648007755743
-1.2708085684721226
-1.1788182236399949
-0.7531657531379315
-0.006003094197652962
0.7298063127421489
1.0897776333936824
1.064345370447842
0.8634033879519433
0.5430657666001422
0.08736984402787701
-0.2837091490504468
-0.26390281010934263
0.13868504995799275
0.4820339745907208
0.2902858678442478
-0.23238148911536594
-0.30713622766865273
0.3368729428673422
1.1453172460846925
1.555063301925201
1.4650167929632878
1.033431828239915
0.4987044879587868
0.1059640458440487
-0.006648188813892205
0.14562156162016135
0.46487018612442665
0.7937851914502635
0.9051499111326009
0.7429665311573217
0.6026991161645857
0.6975155371458126
0.6505311141306644
-0.0845729845546934
-1.3367458132838574
-2.3061267202426885
-2.5014493937213533
-2.0741331785654644
-1.3835256010954615
-0.7779039126008426
-0.6155627031990347
-0.9398976145415923
-1.2356702501006913
-0.9831731369378441
-0.3244380869843863
0.22503823830478903
0.44143659889340786
0.3968798228069167
0.1640732460035711
-0.1730841829793866
-0.4794703964283713
-0.6488090657057599
-0.6238195325247484
-0.4462945975543166
-0.21324822048371314
0.06079236304457858
0.3609087316747634
0.5893017059655699
0.647989506728391
0.48709404795879185
0.14016255346920564
-0.31003815824006203
-0.8172539683281157
-1.2823227508268018
-1.5056916091157213
-1.4338029271480517
-1.2895727261261876
-1.2773850222849177
-1.3550136026851793
-1.3949682151599292
-1.3212336285466013
-1.1417899515543228
-1.035558621528638
-1.1419113906084726
-1.1823643493936111
-0.7567794044005726
-0.06270493357686625
0.303365614350452
0.20977652707888644
-0.007377362257510978
-0.16025834006579373
-0.3086190579890847
-0.44811128013761287
-0.43911511079770627
-0.3167818246171811
-0.3333585384595076
-0.5471350788143675
-0.7989458132571421
-0.9852879633690692
-1.0470915260609908
-0.9997063233143765
-0.9895558289983275
-1.04741802508367
-0.9427503445139572
-0.506026002062482
0.0473459275904054
0.302465987031966
0.09333868920153857
-0.3336701321417279
-0.5799602042250891
-0.42222833304516116
0.15469598817308616
1.0111164291136914
1.7592782812847771
1.9325854068979367
1.4823933511011027
0.7927044617377667
0.1486382686943621
-0.31809538543576027
-0.31678559453819277
0.23484696618283343
0.735960202198267
0.5449589555808823
-0.15006003441348228
-0.717877997127677
-1.0127764969549082
-1.411307058833075
-2.049846112869338
-2.405056259841802
-1.9193464339612039
-0.7465849504251074
0.46946655586366404
1.1925382588877713
1.277216035271358
0.9817627378987258
0.6186444529759749
0.20318271270852042
-0.3081544101880684
-0.7080280210223263
-0.7564885656678417
-0.36207336761240155
0.48351877542466526
1.484796432616176
2.0345728648392845
1.8989006366105992
1.4520479982569254
1.0911117951642355
0.9874531968175904
1.179051666539312
1.4418389106256413
1.4313393436865072
1.1234083413438298
0.8423091874031484
0.783000926884129
0.6389740518805356
-0.03846573335426432
-1.1595539760118343
-2.0996700364744387
-2.2927093684176367
-1.6135522897301027
-0.3452121751190771
1.0045161255072317
1.9500039103127842
2.266216826311599
2.029292494610175
1.5462366702576096
1.196668316605011
1.1702359840783212
1.4220217733057923
1.7857871863861605
2.0136524094444517
1.883678039237899
1.3393978886385096
0.5659192275626579
-0.06858138660512769
-0.3943670553510465
-0.6793084339317499
-1.1384739976532812
-1.4753980142576744
-1.3216069641472283
-0.7517512768354752
-0.0017042074324928446
0.7903211452498721
1.3790644377363306
1.5871887547249754
1.6571769215971013
1.9007522170693183
2.165914095957199
2.0660426320194087
1.546849414686113
0.8803983201125649
0.27370707101213615
-0.17319557907820313
-0.30228221097775904
-0.04344901057899791
0.4282558293265696
0.8544989889077385
1.0635074818993668
0.9894138640407888
0.6476762509068544
0.08501945155409381
-0.5358023490303503
-0.8480692201973109
-0.6435771796059284
-0.21783998341552316
-0.004513419455711792
-0.07816787056284327
-0.26940678071847274
-0.5281062260303224
-0.8503908000675401
-1.0311647852768917
-0.8464284310277789
-0.3432309337555264
0.17139084283343753
0.3662667996261699
0.23485956554904827
0.11321980566464664
0.2502879047224677
0.586773988066966
0.9068834947118727
0.9632057449893677
0.634874357536201
0.1610008574953825
-0.05685296665135065
0.0387356476285647
0.20398261161461032
0.33346045910950173
0.47271663213810267
0.6026929263271125
0.7094829241065861
0.9033391872121235
1.2722515396749152
1.6669326458782903
1.8062543620642766
1.6913024468065279
1.7028386190332876
2.046533777766743
2.3563415189558197
2.088323811263948
1.091805146214451
-0.2511184309496419
-1.2438879198097128
-1.3443378807225785
-0.6281336770217852
0.26320343481754205
0.7186382536834235
0.7167005199856115
0.6972330564271295
0.8647796814488904
1.0271461512006017
1.1385854424068635
1.3030684529696837
1.2708777211602398
0.6835326769216701
-0.21011443875037064
-0.7040436899440569
-0.490906070248794
0.07300708843918707
0.5238135586358097
0.6945907991832394
0.5778907701985074
0.24707527050695216
-0.1182041975446357
-0.3918646076229232
-0.5056921143213787
-0.34727377584381736
0.04407041822644506
0.3430134745976539
0.2201700524246347
-0.40432097245218107
-1.3083727646698287
-1.997947952597096
-2.098289441730346
-1.7433289089415867
-1.3225238645030348
-1.0318767144044523
-0.8333123386301646
-0.6672634290882046
-0.5071675055655921
-0.22854806663821542
0.2575688475035223
0.7158871265521851
0.8117662746920067
0.5291449094016168
0.08351241938107282
-0.31978970982403715
-0.5340487307209157
-0.5886751094518335
-0.6988458401122529
-0.8985895209912621
-0.8214580325775337
-0.16914776630523268
0.7182855378067587
1.1404362013731133
0.8138534469236006
0.15447678543521454
-0.15105987357968362
0.1318345589210184
0.5592038730034784
0.6722181041094786
0.5684869414700673
0.5643279301676235
0.7146405436578109
0.8097050813736519
0.604311907253139
0.14810122933366796
-0.19501488118474578
-0.22894246979465713
-0.06714870334204519
0.21000679695692645
0.5360896258796349
0.6847215217421697
0.5324941336229198
0.2761195985540759
0.18330237164420599
0.21929249790786506
0.10844796616046525
-0.21174969087209855
-0.48023798559850633
-0.4195273390788663
-0.024742387562638756
0.37659671608615564
0.4647627475656523
0.26568253715390366
0.0025401535525554483
-0.22821971269915267
-0.5252912180540028
-0.9164161168692834
-1.1064282303434279
-0.7405530247293503
0.17444273883882136
1.3118777031424391
2.2682414994262388
2.668556191357763
2.284998286772642
1.2884167467110772
0.2820601084735358
-0.15203917349528487
0.09757528545479276
0.6849118089180464
1.054151479176447
0.7858213021881303
-0.023547903801982194
-0.9052237555055189
-1.5573427757276113
-1.911873781167412
-1.9030210511877426
-1.5554360264970586
-1.0528877652360598
-0.5932615788038934
-0.35103376331053476
-0.44252000136470143
-0.7342790592189027
-0.8367444663030785
-0.5711133007522265
-0.2154447413294001
0.0046808687307865636
0.20389253091021978
0.392137896466175
0.34567689645252214
0.12758175363586502
0.1448175890384635
0.47358186468817326
0.6849349517036581
0.520318864450108
0.2502865327148459
0.20974571814885187
0.35075496217442087
