1025
2.3395177600374155
2.2614411219539905
1.7622273276748708
1.264343759197099
1.0042146601529318
0.7818146888426478
0.4197461669845299
0.11837638927944318
0.07073883860576363
0.14547687973213494
0.16228878968984903
0.1869792752670244
0.39789391885504277
0.7697163767017828
1.0360638837595462
0.9268171546312223
0.38755749821503943
-0.31721079273443803
-0.7501516348576952
-0.6290365731102291
0.020939956153259335
0.911824550669671
1.616532387511098
1.8246953957693366
1.5127634937315502
0.899035326425615
0.3406618671054308
0.027468696868661855
-0.2608356000760507
-0.7080973333455284
-0.9966679405432199
-0.7684549204182729
-0.24410708582838303
0.06201536207093986
0.0005294598538500142
-0.17864140486194088
-0.21697081461215917
-0.05932837825002617
0.11635977765531964
0.049006675265475634
-0.25992443950401467
-0.49681780612798004
-0.43457783444804693
-0.10379522824257419
0.37543822251776576
0.7922002147141151
0.8142504200014625
0.3053235619820408
-0.3176083223191934
-0.34199152985081427
0.3756622490183154
1.0298595070160195
0.7232499690907019
-0.5351339226740751
-1.9565050839654614
-2.751672100106499
-2.569532536790492
-1.4966095423588843
0.009328190526725002
1.273706805188875
1.8187790280148128
1.681737163247556
1.2850933482688192
1.0316265717014792
0.969308786498858
0.8939728748504842
0.7360302734914357
0.6112078051442343
0.5897620907606579
0.5655949313781865
0.36213072320165224
0.001363071389043455
-0.27992000658390664
-0.29768771412782674
-0.08824629832518921
0.11171911586933242
0.07267863453554904
-0.13568021818720286
-0.213660784724571
-0.023265747295255962
0.33005455281303125
0.6903288181167827
0.8273869650220435
0.46610117694585224
-0.32976181944387517
-1.0739786433771126
-1.3399381924482852
-1.065192626584441
-0.48546966020103943
-0.013896469347910636
0.10512021718598154
0.10516510590728645
0.33211547097607846
0.684445591978253
0.695864954990299
0.1265087921532166
-0.6616141083485216
-1.0923224500941096
-1.0796745447305174
-0.9802805669014486
-1.0088471519642703
-1.1130002357965756
-1.1500575737253642
-0.9656695788774456
-0.589566912865076
-0.3389749408082636
-0.4183954132919118
-0.5944908328325763
-0.604910369074916
-0.564636189497874
-0.6578984440539395
-0.7844491472560021
-0.7694780367252264
-0.6674057273667355
-0.6347650890826335
-0.649385098218247
-0.5990945490274037
-0.5166383906959058
-0.4836407725400487
-0.440659398311615
-0.23975778331476388
0.20509340767827527
0.8587853834406732
1.5750842543947006
2.080296802899126
2.0306122348031272
1.3387950572918093
0.36638398542914624
-0.4432226560176196
-0.9803512364163774
-1.3212515579649853
-1.3695239157084191
-0.9888054259108127
-0.3345474647259255
0.2795788586933952
0.7115519415485256
0.9943418582822481
1.1458841775425412
1.182734802951565
1.2481974425819404
1.4909597731908313
1.891327907915336
2.313334050319806
2.56989735574904
2.4476620770144675
1.9109350709922481
1.311779456347757
1.0820652471845338
1.144189439485618
1.010737722478325
0.49148023761176296
-0.08955382686011441
-0.37091653955848103
-0.3435777403522495
-0.25745614276742157
-0.27909619765557353
-0.2990536901142658
-0.18139751572845628
-0.07529485581278887
-0.23125932104043584
-0.6907226044528533
-1.3111836684711808
-1.8000611848012131
-1.7621602627118669
-1.1223209916995334
-0.34350456026790094
0.05708389606247221
-0.02798795434605814
-0.3277546245011369
-0.4524816959300334
-0.3002039170671253
-0.12264477739281975
0.00418484356977759
0.24398874865780054
0.4939295168564754
0.4971674930215695
0.3793655124262669
0.5151062714553657
0.9075518939891761
1.13795046205691
0.9685205047805597
0.6677015346977757
0.6670948383419106
1.059307687602729
1.5129663637596587
1.6059950768859392
1.1915350372573617
0.44575695713234764
-0.36965421414101135
-0.9917184458710844
-1.0915429518297348
-0.4430554205091021
0.761878496798848
1.9195317959259988
2.4960142411046022
2.438996125037333
2.091850777054963
1.8377467749095415
1.738862284094161
1.5635080160617156
1.2390918927114445
0.9363348119011521
0.7626497323501634
0.7192578877108022
0.77134926970052
0.819883506898121
0.7795982660354702
0.7257343407978922
0.8775925726636931
1.2937593089188024
1.6115729546970796
1.3504781200580733
0.44662860919188596
-0.7192256689419028
-1.6925718332039361
-2.2013710232024777
-2.215400955843979
-1.91620024496719
-1.5855764709458746
-1.4288424407795295
-1.362613966375498
-1.0299261465289267
-0.25966978785859623
0.6006323825326971
1.093064975686778
1.2240250911412476
1.2859395963896394
1.3270211763555269
1.2117674913512437
0.9742999967236232
0.7878116966972444
0.7306135619910007
0.7058246391767649
0.5219099842760964
0.03131971618932752
-0.6870716744963619
-1.2661495580521431
-1.408145281076647
-1.2204652182622833
-0.948374573258586
-0.7085285808188346
-0.5946379111129967
-0.6282724702589255
-0.6567770764912318
-0.55277874669587
-0.41902604201884014
-0.4457273570945795
-0.5936718642488454
-0.5909710120457311
-0.3060950222415068
0.029217853731327112
0.12353122380395633
0.03588504544438133
0.011368686607983371
0.06891724962843669
0.05107625315306009
-0.1221060940918041
-0.4045239546260339
-0.6693569146962163
-0.7417085696755733
-0.5275538082330338
-0.23235594499907167
-0.2205337908370806
-0.5586661122149646
-0.9788281662066263
-1.1872529560619218
-1.0013232840445643
-0.43643915660813093
0.2455907641118662
0.7227756643868843
0.8133087442464116
0.5003442069047704
-0.06475666622776473
-0.5438220751043559
-0.5579212359270376
0.05646906055384291
1.0992691103443333
2.057233483236297
2.4509664036122416
2.23559845079428
1.672469606539831
0.9364443531463896
0.11872473153114281
-0.6024683801859025
-0.9773423439854476
-0.8753710106576464
-0.432456000930694
0.11193362199165573
0.5380818627831295
0.6174858525216147
0.33464746476767604
-0.02257402375919839
-0.22007951726146543
-0.33300879972713787
-0.5684938831688633
-0.864261475243473
-0.8162792117186205
-0.23574860001703338
0.49049385554300534
0.9420617035064279
1.1877149460291547
1.39708435878813
1.354409732350013
0.8161085741578115
0.08188287534083999
-0.27182408863951757
-0.1279277367516438
0.10339467973883021
0.1227443842646574
0.13323269433403087
0.5046925136158675
1.268248607185096
2.0989266817109384
2.6090605205326987
2.5127536026775052
1.7346085085886767
0.560039503845128
-0.47919812850343835
-0.9553269261148096
-0.7658148456344999
-0.16509301524641162
0.3817742322319714
0.4872059108508645
0.0862176439961001
-0.5488761508968317
-1.103384219829877
-1.4522432836835326
-1.5288500839754817
-1.202848920852223
-0.49997628222522145
0.16162416647688138
0.2693518043862554
-0.1814692800614863
-0.5758120011222917
-0.34844226729013017
0.29833440449377513
0.7164969258943301
0.7436117627533188
0.7753960758124057
1.0090214012621168
1.1809926431310287
1.0888461505179727
0.8497043252955806
0.5637546401474537
0.2434574157332856
0.07421113037948678
0.20278037116430297
0.42387877670567176
0.5089519484068983
0.5063162734144733
0.440602543687834
0.10445286072526185
-0.6461741810433773
-1.5739807469173512
-2.1057702458963083
-1.7375283882114816
-0.5691629869375013
0.6252413641575808
1.140819609576832
1.0471151228876823
0.8232924257038199
0.5776388381701842
0.12925773814429775
-0.46302436494356713
-0.9146269471762769
-1.0052704867175417
-0.727450423877231
-0.32055664745813967
-0.029380962875427664
0.1876999840578097
0.48923138394386184
0.80659918659189
0.9264842356199334
0.8032647225145294
0.5887597176703718
0.4356170582127729
0.3371803572458118
0.13730908049931825
-0.26979525828637835
-0.7323906492403301
-0.9280031234669163
-0.7890971856526628
-0.6636390165697671
-0.8578197071466466
-1.2493044366233133
-1.4283424195918912
-1.073950743506019
-0.36194046586102807
0.092911039369915
0.0328510353085038
-0.051122136619307826
0.31059484188078584
0.8839708332063022
1.157599429381716
0.9365951383947694
0.33142530723974056
-0.30728533234027056
-0.45153681371991605
0.1324965676713176
1.0570389058646066
1.6972104941082222
1.7565904704092088
1.3587238796029837
0.7461302328416447
0.003381015175922978
-0.9119996432910955
-1.899211609293524
-2.6413106691698944
-2.8404815592684933
-2.327442416289494
-1.1007987200258256
0.41187414734513045
1.4315431306748705
1.5645244929608004
1.1892287389210159
0.867375355806441
0.7133223216535808
0.46261375206217953
-0.09296284918476402
-0.7851270079800434
-1.166765992868701
-0.9376104476316525
-0.21683299886327584
0.537258522673934
0.8465659128432902
0.6209989552986478
0.295847071371164
0.3826642381698587
0.8373613006003883
1.0963191760260784
0.7693223423804021
0.057793533766689865
-0.5027278542084829
-0.5487713684652402
-0.20381038067682106
0.0950118909622382
0.09615467643288349
-0.08625138400713989
-0.19442815032634858
-0.12624967825427147
-0.06552973427035558
-0.20663352792449802
-0.46932504170988776
-0.6966071601237198
-0.8799131595822263
-0.999620644808789
-0.8474312659335606
-0.18171659821642652
0.8939711957383465
1.777530665879522
1.84512793168815
1.1774501764745817
0.452181780502204
0.03889972412742387
-0.23803715740889334
-0.49055409414912393
-0.5848068135611315
-0.4705581961521596
-0.3040758186032795
-0.30652026247777736
-0.42512736450972927
-0.27754720531489546
0.18680494911665235
0.44291917200098396
0.2238385262619562
-0.04153264347468501
0.06469556054157263
0.4225212318043512
0.7099716957966374
0.7638671855905274
0.5782656397396282
0.3075821458629601
0.24026655313349413
0.4898782612834677
0.7832616075221316
0.7804293628308063
0.4800759192980273
0.11895964071555414
-0.1548171382982186
-0.28228300966352093
-0.16744475897049266
0.22154608301474454
0.7787270874511701
1.329438649101562
1.687156048887025
1.7171807621756547
1.3958608869828948
0.8219408985325067
0.1942385098983338
-0.2702489701681313
-0.45390738137852094
-0.3640525958512412
-0.1376416853057138
-0.04878907543728147
-0.2881464653831505
-0.6834189690757798
-0.8315199413659633
-0.5169781425499603
0.10699780533982306
0.6717735000561308
0.8527073058514479
0.5707307107811997
0.044529873582940874
-0.3940413370186988
-0.5509308637460798
-0.4319287398335321
-0.28153337922484223
-0.4234465018384262
-0.7469301124606872
-0.7158813973676794
-0.09886385810183347
0.7210526126203126
1.2519512174923257
1.35975755284359
1.2035463887778148
1.0091108522116201
0.9428675887762331
1.01804058029534
1.0446780528764856
0.7741364998516038
0.17259991802128752
-0.49305354801906265
-0.8739982507121103
-0.8214935271705494
-0.47751071985034915
-0.13922146098634325
0.03094551058397698
0.0660530173495972
-0.03682211891070883
-0.24146894895567386
-0.26331994546846393
0.08590695809466281
0.4919453555707933
0.41159682071683545
-0.36876321426548464
-1.451000978132414
-2.024905505877728
-1.6158276606803519
-0.6542370338769764
0.03570643129552917
0.19031700871864837
0.2162369718925127
0.4948934742259517
0.8941459344827196
1.1299270806921955
1.2535999752894533
1.3131415547621588
1.018493670491609
0.16849961188848475
-1.012058537364136
-2.034729659323189
-2.436995297385067
-2.0281672841882017
-0.9969393668165893
0.1199528731662246
0.70294395057708
0.5222054485982442
-0.07201553224364259
-0.4637783221326387
-0.30970460676299716
0.15910360202583523
0.4522791380211873
0.37364434181290657
0.07835726040752733
-0.2691208146484331
-0.6437041726290958
-1.0034361894002846
-1.2320329235634893
-1.2957902650149737
-1.2426731332320213
-1.0960746050982144
-0.9048471052877389
-0.6998294093776859
-0.431312339418097
-0.10250080753009434
0.27681321233398687
0.8112154614097165
1.5082147068888319
2.148828628523912
2.501683082838422
2.4630873684565824
2.0388495931183233
1.3724352286723909
0.7446405109488138
0.3793127250341774
0.24687718710147122
0.13772252853997427
-0.11438836321913694
-0.47683711241600074
-0.7686077003119803
-0.8827093198035629
-0.8981758179609314
-0.9464849199310857
-1.0263839778846071
-0.9924713403971963
-0.7380625451270904
-0.3467848574883456
-0.025756238135146804
0.010447032952454024
-0.3276523654405106
-0.7382371026725091
-0.6690034785431656
0.009806613913502083
0.8430273008303741
1.3080290047821834
1.2094013245604238
0.7538199542439731
0.36803724501959
0.3572877104682928
0.6671116585543946
0.9235958175833321
0.8107642325447801
0.4709594711968308
0.3788871450305263
0.735481140346475
1.1525633913812783
1.0403213741080033
0.3018786183858264
-0.4318323020892888
-0.4964088592446612
0.01821969003935956
0.5659616329802329
0.9121020519128576
1.1177691866945694
1.1550648444877099
1.0196139245587656
0.9232984048530682
1.0532877342236697
1.3075634999001942
1.3835282282318058
1.0465028715641858
0.327046419072959
-0.4614692812085598
-0.9275463433719355
-0.8703186586308116
-0.34594282555422073
0.3989740801867743
1.0355181260303894
1.3551374619524834
1.272622547273849
0.71555462735474
-0.1867945598202177
-0.9840589674479813
-1.2485972141884445
-0.9651198833383394
-0.5071317466207129
-0.2930210237780203
-0.3993795075157751
-0.48986729248998556
-0.28616069679184986
0.060560080910219145
0.2783782084442619
0.36639905391147315
0.4544293041263773
0.4856109078598685
0.28784017436740117
-0.15704013646902476
-0.6743077074842494
-0.9902913576157476
-0.8867770554351342
-0.38168610992792495
0.2713915537278017
0.694317715988228
0.6031172828167224
0.10173606677138529
-0.4879151617849929
-1.0708074438145345
-1.6814202831515457
-2.17991319508404
-2.374763305927772
-2.2515877002344404
-1.9475662231532647
-1.6381383643448044
-1.4916179277985884
-1.5605040459730422
-1.6709036599268627
-1.6028148546462795
-1.4167239552657367
-1.3790142843111677
-1.5264436024558452
-1.5670876017827438
-1.2631688825392606
-0.6842479417488914
-0.03022953270458801
0.48939039081540187
0.562297978115561
-0.0028175378725792486
-0.9404815477189332
-1.7743735768009652
-2.288026612430062
-2.443798755305957
-2.106945313791436
-1.2538952629650206
-0.18896934831685497
0.73487263349061
1.335292715347055
1.5080184796104077
1.241360813618188
0.6497791698991805
-0.12993590818337977
-0.8544774764756705
-1.1562555058511184
-1.005590710271375
-0.8328920482074534
-0.8602055306319237
-0.8329369235333824
-0.5356482105223653
-0.06302657360724274
0.37545177843830885
0.5787269888311787
0.4285607312898328
0.061302401614991425
-0.26293609881425434
-0.4937776135148713
-0.6897457087247778
-0.7468797331240845
-0.5254273137598716
-0.08801373131152704
0.3946664301157443
0.8085941982567124
1.0462176241771184
1.0375790698330023
0.8439318943638539
0.5543200848919133
0.21641015305527145
-0.10449622229416126
-0.381063054763676
-0.6715111610420732
-0.9765498449198039
-1.2154644441637508
-1.3375626188911482
-1.2902888728422055
-1.0347720977539894
-0.6221672062557109
-0.13076050852952442
0.3277624654143765
0.6040599027646972
0.7119339712536925
0.8031067203397481
0.8480318215214631
0.6658341478931251
0.27049923529488734
-0.09339104016473962
-0.23385562997599207
-0.17466366758924817
-0.03156519061711298
0.16741015598119396
0.42216429934969685
0.5954009638525879
0.5360623428986947
0.2933505660275153
-0.03572189001451778
-0.5099914292759886
-1.1397640733206154
-1.6387311278597547
-1.6590805165683107
-1.2256979369022496
-0.6907386852410995
-0.31485944323118964
-0.1156130831420939
-0.005844222574352103
0.10570750380105834
0.25662526890152365
0.4154415979136695
0.5205236433465831
0.41466703682980566
-0.08261428219445266
-0.7816760959328649
-1.0544493272833413
-0.46516922086506923
0.7004459603001973
1.7821651409743526
2.383904711026733
2.4576960091029805
2.1097416639870183
1.5476214472486391
0.9220304893144792
0.14824267178563144
-0.7948206565005426
-1.5150882524811349
-1.5543507614167853
-0.9156568833007782
-0.016675738176502183
0.6374874748135326
0.6811205480485257
0.10496779406635273
-0.7072005104502307
-1.3591380581623964
-1.7808161440966392
-2.035161618248987
-2.000552189605454
-1.4988383606530764
-0.6213440679345453
0.2617880784059438
0.8267993109888065
1.1337234824316276
1.5021600358984033
1.9052191312804005
1.9018627463727646
1.4423407649749296
1.1080109806448735
1.2410248616777728
1.5258330866269203
1.6590862698291726
1.769538505097741
1.9578513365268002
1.929962847279873
1.422221522466614
0.6755786025557703
0.0969272115556656
-0.25955185300863215
-0.5371777299293357
-0.7074718633469949
-0.6262950932707749
-0.25417881540027176
0.35409325993996704
1.0751106832152297
1.6309957602517453
1.764852575500334
1.5393626147208954
1.1826308021714524
0.8644120215173012
0.8236819844999983
1.1966971180506532
1.6363646769684812
1.5926618429337218
0.9305701719876078
-0.029453564467938072
-0.9216093795825058
-1.4843890864252622
-1.5404662146454577
-1.1864224510242651
-0.755781471456308
-0.41666066001313645
-0.04855048580955105
0.531740189457906
1.3492644799654723
2.1325916059868786
2.5103207287469322
2.4410675125461694
2.2133903915950652
2.0701905826688827
1.986941828402011
1.767068419852579
1.3299004865249582
0.8420158731959451
0.5353482927816134
0.47503588945657377
0.4787350816805227
0.1984560132910451
-0.4945834313137559
-1.0712529475867025
-0.794846585132003
0.1826855221747892
0.9030687815829472
0.8551134920804628
0.3807223522717354
0.0008969570667297023
-0.07141043339810331
0.05257629133926108
0.1387098819652125
0.1552769521971406
0.3007395033883667
0.6104079696581101
0.8201299533343465
0.6841690776256996
0.19711138162426653
-0.4159532238896206
-0.8325596264302481
-0.9106546874052766
-0.7765525298544581
-0.588116648239021
-0.353600187857701
-0.03631120886566757
0.2650994771250011
0.43566814126579295
0.547014886251065
0.6858643735452735
0.7058446424551095
0.44536491954784285
0.09959118512344425
0.039786578066830544
0.29136863388904166
0.46497257139736264
0.23096019110404334
-0.23880881232301499
-0.39379217649275483
0.020620180604080534
0.5610189210797097
0.6136125044576662
0.18863888598493528
-0.12544209747119445
0.07943371485600594
0.6539119270777775
1.2109018673148542
1.490675192518933
1.4018364109466632
0.9192826364894991
0.12067837622416558
-0.6547784261965813
-0.9491316233939314
-0.6318280640169748
0.024659778885888686
0.7030996616987806
1.2049317240366768
1.3578030411610378
1.0375749446895304
0.28708584686592487
-0.6741149003249304
-1.5224155974924665
-1.9444967032086928
-1.8534923730630273
-1.5498860733382323
-1.4427087540468606
-1.5306480846945145
-1.4414307174870518
-1.034668712655041
-0.6059999612342326
-0.4123578079256434
-0.3751617666115816
-0.2985354446895103
-0.07407734724759579
0.2561904633386659
0.4506442606411054
0.21396875167453475
-0.47522290975328
-1.2232008684653868
-1.489005763594673
-1.0485058504078488
-0.15637482259162788
0.7480719684002307
1.3118052845712578
1.334597618574485
0.906657264092329
0.37773328096224107
-0.0042561488731063775
-0.2233640550938361
-0.26479161373569104
-0.06381200837695511
0.31241271765378514
0.6983787080786693
1.038650716375509
1.3715790660781841
1.634585225884727
1.667127761136571
1.4784053240198969
1.289365438927807
1.1844290264918493
1.0483686174992768
0.8943106422735845
0.8659694760953108
0.9614337782023533
1.0725042789662549
1.1961114589391615
1.3266800416078899
1.2350068742334004
0.6598074217394414
-0.3356037945691423
-1.4444915755471526
-2.3395201054830923
-2.6290857243027714
-2.0891838719104485
-1.0767728700118993
-0.2550694009711405
0.05756216391070235
0.06073139338328353
0.20141878085039389
0.7614529046193887
1.522946246768145
1.9315295272312272
1.6383152082227466
0.7188632372119294
-0.4622533841248422
-1.3302095686421238
-1.3666869380279967
-0.7166344328490627
-0.18143328027293992
-0.2252499086041211
-0.4781404569686114
-0.45872250745634263
-0.20470864127351718
-0.02635814442568192
-0.07876076087558251
-0.3029626511793959
-0.5012130363878122
-0.39750750310357963
0.09069607133079678
0.5615296167530609
0.4757126095190829
-0.15028344657639753
-0.7359823320844945
-0.7034914881972882
0.04060548811538682
0.8887853638001633
0.9710423546097532
0.12010970373211974
-0.8771209288050372
-1.2163770790855146
-0.9017714363511987
-0.3698002826254739
0.17587644313580847
0.6582467258830765
0.8547296752153573
0.6082673569197681
0.13667992453749678
-0.13271553541039036
-0.12781713984657433
-0.21889819472757743
-0.5577097735977358
-0.8590005367085279
-1.0327034576396656
-1.2973702468426855
-1.5363828680516174
-1.3242829556241011
-0.6458940979111405
0.07363295285958568
0.6342830830509892
1.160069062258366
1.6260338083545935
1.8550392406868774
1.8617792351721192
1.7835674695522181
1.545470387890714
0.9297628122899252
0.14012673538138345
